Composite.Element.REF	TCGA-FF-8041-01	TCGA-FF-8042-01	TCGA-FF-8043-01	TCGA-FF-8046-01	TCGA-FF-8047-01	TCGA-FF-8061-01	TCGA-FF-8062-01	TCGA-G8-6325-01	TCGA-G8-6326-01	TCGA-G8-6906-01	TCGA-G8-6914-01	TCGA-FA-8693-01	TCGA-FM-8000-01	TCGA-FA-A82F-01	TCGA-FA-A86F-01	TCGA-FA-A7Q1-01	TCGA-FF-A7CW-01	TCGA-FA-A4BB-01	TCGA-FA-A7DS-01	TCGA-FA-A4XK-01	TCGA-RQ-A68N-01	TCGA-FA-A6HN-01	TCGA-FA-A6HO-01	TCGA-RQ-A6JB-01	TCGA-FF-A7CR-01	TCGA-FF-A7CX-01	TCGA-VB-A8QN-01	TCGA-GS-A9TT-01	TCGA-GS-A9TV-01	TCGA-GS-A9TW-01	TCGA-GS-A9TX-01	TCGA-GS-A9TZ-01	TCGA-GS-A9U4-01
YWHAE|14-3-3_epsilon	0.1934	0.1758	-0.2763	-0.9598	-1.1348	-0.2994	-0.3712	2.5197	3.0482	-0.4113	-0.2307	0.719	-1.1	1.065	0.0334	-0.0767	-0.0401	1.6454	-1.0146	-0.1003	-0.0504	-0.0552	-0.5525	-0.1792	0.8891	0.8858	-1.6485	-0.0311	0.6404	-0.8099	-1.1529	-0.7942	-0.5262
EIF4EBP1|4E-BP1	0.1365	2.3788	0.7598	0.2282	-0.3417	0.8026	-1.4331	-0.2524	2.9438	0.3877	1.0372	-0.0612	-1.1718	-1.4114	-1.1006	-1.0401	-0.7157	-0.4853	0.7497	-0.8494	-0.1089	-0.9124	-1.0747	0.6357	-0.1286	0.9145	0.7926	1.0381	-0.4642	-0.456	-0.5833	0.3831	-0.5974
EIF4EBP1|4E-BP1_pS65	0.2083	0.5771	-1.4073	-1.5843	0.1159	-0.3273	-0.8684	0.4842	4.2224	0.3015	-0.5837	-0.4866	0.0167	-0.3571	-0.0566	-0.9393	-1.2107	-0.6666	0.3936	-0.7928	0.4668	0.7048	-0.3653	0.593	0.7901	0.0801	0.2035	-0.2393	0.0844	0.4245	0.5799	0.8921	-1.2538
EIF4EBP1|4E-BP1_pT37T46	-0.8174	1.4247	-0.4173	-0.8532	1.1168	-1.3538	0.6912	-1.0276	1.6418	-0.1419	0.3249	-0.5038	0.0777	-2.3419	0.8266	-0.0087	0.6532	-0.5913	-2.6296	-0.8933	1.0284	0.7511	1.2331	1.1117	0.577	-0.4246	-0.742	0.0919	0.7219	-0.2755	0.8605	0.3012	-0.4119
TP53BP1|53BP1	-0.2381	1.7481	-1.4029	0.3291	1.2959	1.1268	-0.1105	-0.1802	-0.4303	1.9038	0.5583	-1.0248	1.3504	-1.589	-0.1578	0.8514	0.4985	-1.64	-0.1318	-0.6064	-0.7582	-0.4174	-0.6895	-0.0489	-0.2182	1.5406	0.9023	-0.3961	-1.1056	-1.1951	1.2064	0.5214	-1.4924
ACACA ACACB|ACC_pS79	-0.7603	0.7355	1.2217	1.2329	0.8738	0.4274	0.4773	0.642	-4.3487	0.038	0.5391	-0.2286	0.0451	0.1508	-0.2478	0.7126	-0.0346	0.7336	-1.161	0.3531	-0.0621	0.258	0.4723	-1.3539	0.5328	-0.2571	0.7946	-1.012	-0.0151	-0.3959	0.2989	-0.9726	0.3103
ACACA|ACC1	-0.909	0.4691	1.0678	1.4944	0.5656	0.7921	0.1432	0.3897	-3.6891	0.1306	0.3723	0.1694	-0.1448	2.2777	-0.8982	0.3329	-0.44	0.8198	0.0875	1.098	0.015	-0.3672	-0.2441	-1.5573	0.141	-0.1186	0.7449	-0.5243	-0.0506	-0.14	-0.2119	-1.2699	-0.5461
AKT1 AKT2 AKT3|Akt	-1.0494	-2.0718	-0.5247	-1.093	-0.2208	-0.2885	-0.2743	0.8706	-0.8611	1.2167	-0.3028	1.6607	0.5114	0.1084	0.3094	1.8947	-0.2502	1.2274	-0.0917	0.8064	0.3312	0.8748	-0.0595	-0.9947	0.0315	-1.1143	0.8159	-2.1057	1.479	-0.5436	0.7817	-1.5448	0.4712
AKT1 AKT2 AKT3|Akt_pS473	-1.4489	-0.1324	0.4808	0.0269	0.8009	-1.2393	0.9895	-0.3125	0.3584	0.4624	-0.2972	-0.9672	-0.9446	-1.1084	3.1662	1.4985	0.1442	0.6584	-1.577	-0.9238	0.4463	0.7861	0.9567	0.3836	-0.1477	-0.7139	-1.4482	-0.7338	0.3861	-0.4068	1.1311	-0.9009	0.6266
AKT1 AKT2 AKT3|Akt_pT308	-1.2617	-0.1035	0.0682	-0.0679	0.5358	-1.3508	0.7906	-0.7311	2.1664	-0.4736	-0.845	-0.7393	-0.0257	-0.7065	3.5386	0.3373	-0.0831	0.5098	-0.7368	-0.7988	-0.2165	0.4267	0.4379	1.1722	-0.3685	-0.4758	-0.8309	-0.8921	0.1249	-0.8029	1.0476	-0.7952	1.1501
PRKAA1|AMPK_alpha	-0.2332	-0.5434	1.0989	-0.6098	0.2119	0.5568	-0.8808	1.2177	-0.3707	-0.6093	-1.578	-0.8848	1.3999	1.5274	1.3138	0.9173	-2.0484	0.5709	-0.2686	0.491	-0.5695	0.9531	-1.9939	1.1755	-0.7005	0.7462	0.9472	-1.8449	-0.4554	0.1092	0.1964	0.7	-0.5423
PRKAA1|AMPK_pT172	0.2797	-0.9791	1.2445	-0.4147	-0.4073	0.7334	-0.7855	0.9919	-0.8069	-0.217	-0.8945	-0.2429	1.6331	-1.2146	-0.3061	0.7934	-1.8231	0.9048	-0.3515	1.0901	-0.5702	0.9947	-1.7957	-1.5858	-0.4472	-0.7281	1.2271	-1.0073	0.5847	1.2735	0.3086	1.7729	0.7449
AR|AR	0.975	0.4109	-1.5663	1.1722	0.7454	0.7379	0.3819	0.1316	0.956	1.127	0.9806	-0.8185	0.4696	-1.0133	-1.0172	-1.3132	-0.2249	-1.5307	0.993	-0.6085	0.1293	0.3881	-0.575	0.3939	0.0022	0.9227	-1.5904	1.6504	-0.0763	0.22	0.4659	-0.0586	-2.8609
ASNS|ASNS	0.5414	0.8209	0.7487	1.8513	-0.4938	-0.419	0.3361	-0.3908	-2.2144	-0.1359	0.5246	-0.5906	1.3416	1.1506	-1.1566	-0.3454	-0.083	-0.1979	-0.2824	2.2316	0.8862	-0.5556	-0.5621	-1.4138	0.2077	0.6805	1.2605	0.3668	-1.7812	0.2152	-0.6371	-0.2272	-1.6769
ATM|ATM	-0.1356	1.5127	-0.3681	0.2473	0.5223	0.0665	0.3149	-0.5073	-0.7328	0.5196	-0.7323	0.3443	0.9055	0.0992	1.0446	0.1971	-0.0342	-0.0446	0.8095	0.7503	0.5799	0.8153	0.9445	-0.3954	0.0921	0.8504	-1.2316	-3.1717	-0.2555	-0.9909	1.6144	-2.3717	-1.2587
BAK1|Bak	-0.1823	-0.0608	-0.4415	-0.7282	-0.8836	0.7338	-0.8813	0.0142	3.779	-0.0563	-0.7301	-0.4545	-0.7545	0.6743	-0.4071	1.6829	-0.1478	1.0405	1.3361	0.4796	-0.5109	1.0774	0.1596	0.9012	-1.2475	0.0199	-1.3323	-0.6397	-0.8046	-0.7768	-0.8145	-0.1971	0.1529
BAX|Bax	-0.125	0.6257	-1.3158	-1.1565	-0.6088	2.0	-1.2929	1.3378	3.2149	0.2427	-1.5827	-0.3337	0.3292	-0.3137	0.7695	-0.9038	-0.2834	0.8446	-0.3242	0.0411	-0.6065	0.774	-1.2553	0.8089	-0.8462	-0.2758	0.1883	-0.4616	-0.1718	0.1738	-0.2771	1.2532	-0.4689
BCL2|Bcl-2	-0.8577	1.9375	-0.4522	-1.0022	1.8926	0.3036	-0.6182	-0.9233	-1.0436	0.9725	-1.0757	-0.7139	2.0578	-0.17	0.1396	0.2336	1.0009	-0.2231	1.2077	-1.7763	-0.6948	0.9192	1.4633	-0.9074	0.3973	0.1016	-1.5238	0.8464	-0.1865	-0.3859	0.1919	-0.1364	-0.9746
BCL2L1|Bcl-xL	-0.1914	-1.4703	1.391	0.1113	-1.0471	0.4215	-0.6431	-0.2121	0.8176	-0.5624	0.0758	0.4509	0.4259	0.7761	-0.9689	0.0222	0.0734	1.4028	-0.1957	-0.4866	-0.9194	-1.0127	-1.5875	2.298	-2.5858	0.5225	0.6663	0.4786	-0.279	-0.2894	0.0718	2.0874	0.3583
BECN1|Beclin	-0.2858	-0.8317	0.7919	-0.0822	-0.0039	0.8297	-0.5547	-0.2604	1.6655	-1.6576	0.3296	0.7867	2.2053	1.476	0.5583	-0.3127	-0.4755	1.6758	-1.3916	-0.2693	-1.2727	0.7033	-0.7163	0.7583	-1.848	0.4385	-1.3725	-1.4744	0.5879	-0.5324	0.2772	-0.1697	0.4275
CTNNB1|beta-Catenin	-0.0319	-0.7876	0.259	0.776	-1.2933	-0.3567	2.5193	-1.074	-0.8715	-0.1992	0.5438	1.0707	-0.5438	-1.8098	1.5941	1.6659	0.4187	-0.7051	-2.0751	1.0482	0.919	0.0691	-0.337	0.7353	-1.6389	0.4569	-0.1922	-0.3271	0.0492	0.2881	0.0517	-0.6346	0.4128
BID|Bid	-0.4323	-1.2343	-0.9536	0.0383	-0.9048	0.4441	-0.6087	0.9126	2.0523	-0.2135	-1.3177	-0.5966	0.3918	1.0186	-0.2922	0.7324	0.0304	1.2801	1.7558	-0.771	-0.798	-0.7414	-0.9391	1.7928	-1.1025	0.244	0.9242	0.6794	-1.2089	-0.8272	-1.1483	-0.0347	1.8278
BCL2L11|Bim	-0.1733	-0.4667	2.1666	0.2467	0.398	1.9203	-1.1366	0.2774	0.2381	-0.5753	-1.0114	-0.5692	2.1772	1.5461	-0.7945	-0.6753	0.7098	-1.1962	0.7975	-1.5909	-0.9633	-0.1273	0.3287	-1.2557	0.2934	-0.498	-1.0628	1.0705	0.283	0.4837	-0.1079	0.6072	-1.3398
JUN|c-Jun_pS73	-0.6657	-0.0702	0.5496	0.1783	1.0666	0.2749	0.1608	0.7809	-0.3571	-1.0586	-0.1624	-0.6988	-2.2658	-1.6457	-0.2534	2.6641	0.0296	-1.0777	-1.6429	-1.4001	0.9599	0.6603	1.0827	1.2352	-0.3581	-0.2033	-0.3258	1.0115	-0.6948	1.1982	0.6437	0.2919	0.0923
KIT|c-Kit	2.1292	-0.8138	-1.3745	1.1392	-0.6403	-0.2532	1.0043	-0.3831	2.0455	0.1378	-0.1114	-0.7016	-2.5195	-0.0971	1.114	-0.7781	-0.7194	-0.1652	1.2896	-1.1484	-0.5656	0.6383	-0.8778	1.0639	0.3008	0.4048	-0.901	1.5388	-0.5244	0.286	-0.3137	-0.0312	-0.1728
MET|c-Met_pY1235	0.7778	-0.3774	-1.6188	0.6475	-0.0161	0.7907	-0.8333	0.2228	2.0233	0.5294	-0.4463	0.1521	0.0405	1.2131	-1.4445	-0.7841	-0.8233	-0.1477	2.5647	-0.7092	0.0964	-0.3269	-0.545	1.6989	-0.0391	1.1462	-1.8132	0.9567	-0.9925	-0.1249	-0.1105	-0.8964	-0.8109
MYC|c-Myc	-0.213	0.2191	4.2119	0.6202	1.8672	-0.0155	-0.4496	-0.0914	-1.1164	-0.8192	0.1029	-1.3192	-0.2977	0.0735	-1.0306	0.8759	-0.3292	-0.84	0.7315	-0.5826	-0.2663	-0.8394	-0.079	-0.2116	0.2535	0.1285	-0.486	1.0078	-0.5307	0.0301	0.6205	-0.95	-0.2749
RAF1|C-Raf	0.6581	-0.739	-0.1416	0.3085	0.6519	1.1192	-0.6968	1.4725	-2.5373	0.4137	0.1398	0.5671	0.7092	-1.8318	-0.6392	-1.4226	0.0448	-0.4633	1.4718	0.7952	-0.584	1.0338	-0.2453	-1.1257	0.571	-0.7797	0.9767	-0.3949	0.0163	-0.119	2.177	-0.0727	-1.3334
RAF1|C-Raf_pS338	0.4955	1.5707	0.1758	0.4159	1.0833	0.5024	0.0782	0.5257	-0.5642	0.1131	-0.0645	-0.0188	-0.2647	1.0732	0.4625	0.3799	-1.0364	-1.0207	2.1924	-0.1956	0.267	-0.2287	0.2226	2.2704	-0.8402	-1.7109	-2.3173	-0.0432	-0.7157	-0.5702	-1.6018	-1.2011	0.5655
CASP7|Caspase-7_cleavedD198	-0.2344	-0.2009	-1.41	-0.2061	-0.1628	-0.913	-1.1082	0.0796	1.2432	0.4827	0.0754	0.5844	-2.6665	1.3086	0.2628	-3.0062	-0.0147	-0.0599	1.0526	0.3769	0.5217	0.8055	0.5807	0.0546	0.6369	-0.5082	0.1721	-0.7078	0.9111	0.9539	-1.0158	1.1379	0.9737
CAV1|Caveolin-1	-1.011	-0.4314	1.2349	1.7823	-0.9117	0.0979	-0.9371	-1.1812	1.9628	-0.6149	0.6448	0.4869	-1.0398	1.136	1.1102	0.5374	0.4882	0.2108	-0.0362	0.5118	-0.8669	-1.6482	-1.2678	1.8033	-0.917	1.0777	0.0503	-0.4864	-0.4821	-0.8678	-1.3045	-0.2798	1.1485
PECAM1|CD31	-0.0284	-0.8359	1.5099	1.8946	0.4858	-0.3522	-0.8131	-0.0826	2.0081	-1.6671	-0.6371	0.5668	-1.7099	1.7652	-0.2775	1.0454	-0.4886	-0.1744	-0.9345	-1.3594	-0.1827	-0.4391	0.406	0.6297	-0.6638	0.3743	-0.9767	-1.0977	1.3207	-0.6209	-0.4428	1.2286	0.5493
ITGA2|CD49b	-0.0715	-0.3831	1.0393	0.9329	0.3407	-0.7974	0.0047	0.0611	-1.3463	-0.4981	-0.1872	0.1666	-1.1479	2.062	-0.4906	1.7823	-0.8113	-0.2321	0.3595	0.2253	1.9209	-0.3634	0.127	-0.8282	0.3539	-0.1461	-1.3733	0.6832	-0.3224	2.3981	-0.5743	-0.8205	-2.0637
CDK1|CDK1	-0.834	0.1894	1.2553	0.3298	-0.0415	3.0428	0.7932	-0.5903	-1.3138	-2.0066	-0.0576	-0.0671	1.3502	0.2355	0.9662	0.3549	-0.5668	1.4077	-0.1441	-1.1692	-0.7301	-0.0114	-0.6241	-0.2887	0.0742	-0.091	1.2887	-0.0697	-1.5795	0.847	-0.4114	-1.3636	-0.1743
CHEK1|Chk1	0.7052	1.0898	0.2563	1.2603	0.1641	1.1053	-0.2779	-0.8578	-1.5869	-1.1512	0.1482	0.1795	-0.226	0.1316	-1.421	-0.7906	-0.0775	-1.5105	1.5317	0.1851	0.6749	-0.8008	-1.3533	-0.3931	0.3374	0.8204	2.9286	0.3845	-0.9642	1.1795	-0.8123	0.0039	-0.8635
CHEK1|Chk1_pS345	0.1008	0.0654	0.217	0.5665	1.584	0.7403	0.5549	-0.175	-3.362	0.1588	0.3175	-0.7699	-0.2792	-0.3046	-0.0352	1.3846	-0.1177	-1.0471	-0.89	-1.1837	-0.2832	0.6431	0.5047	-0.9466	0.1977	-0.4681	0.2492	-0.2815	0.2738	-0.3474	1.0947	2.7466	-0.9084
CHEK2|Chk2	0.8716	1.5936	1.8301	1.205	1.3907	-0.5469	-1.3527	0.2416	0.8172	0.4321	0.458	-0.3222	1.1184	1.2451	-0.3661	0.3535	-1.1136	0.0415	1.0322	-0.4632	-0.2474	-0.1531	-0.7149	0.0891	-0.2921	0.2054	0.2569	-0.7472	-0.8762	-1.1745	-0.5958	-1.3071	-2.9089
CHEK2|Chk2_pT68	0.7749	1.1753	-0.1437	2.5409	0.1184	-0.0366	2.9167	-0.0638	-1.7001	-0.1185	-0.0367	-0.5413	0.1484	0.6313	-0.1217	1.6991	-0.546	-0.3967	0.9328	-0.3272	0.2045	-0.7326	-1.1332	0.9898	-0.5129	-0.397	-0.3679	-0.861	-1.118	-0.6333	-1.2367	-0.8069	-0.3002
BIRC2 |cIAP	0.6737	-0.7711	1.7253	0.1923	0.4734	3.3285	-0.6044	0.4755	-0.9355	-0.0432	-0.7922	-0.6593	0.7419	0.9279	-0.9168	-0.0776	-0.6113	0.1982	-0.5033	-0.1326	-0.9664	1.6693	-0.7941	-0.7221	0.1508	-1.0725	0.5239	-0.0444	-0.8282	-0.9776	0.7976	1.1047	-1.5306
CLDN7|Claudin-7	1.2774	-0.0629	-0.2294	0.4133	-0.2887	0.6606	-0.4146	1.6279	-1.4516	-0.2338	-0.5014	-0.748	1.2813	0.079	0.0201	0.8827	-0.5887	-0.6898	-0.9951	1.5959	-1.2166	2.2146	-0.2581	-0.2352	-0.7889	1.5418	-1.0942	-0.2774	-0.2065	-0.1325	0.3687	0.9369	-2.487
COL6A1|Collagen_VI	-1.2824	-0.8845	-0.0762	-0.039	-0.3501	0.1231	-0.7803	-0.2905	3.1089	-1.2248	-0.2326	-0.1694	0.9337	1.4817	-0.4655	0.6124	0.3104	-0.2775	2.0097	-0.6158	-0.9739	-0.5575	-1.3202	1.2897	-0.6569	0.1545	-0.2827	-0.1636	-0.6875	-0.0687	-0.7567	0.1479	1.984
CCNB1|Cyclin_B1	0.1817	0.8083	1.5593	0.6745	-0.0755	2.8605	-0.4985	-0.2141	-1.7837	-0.5632	0.346	-0.2439	-0.4718	0.6643	-1.627	0.1067	0.3635	-0.7511	1.4958	-0.2386	0.2518	-0.7493	-1.1373	-0.6631	0.2998	0.1448	0.857	1.2236	-1.148	1.2919	-1.1091	-0.5306	-1.3246
CCND1|Cyclin_D1	-0.8425	0.3397	-0.8079	-0.4497	-0.1852	-1.1124	-1.2195	-0.2379	3.1345	-1.2386	-0.6135	-0.8168	-0.8184	0.0722	0.4678	0.0558	0.5742	0.849	0.6271	0.145	-0.8112	-0.655	-0.4767	1.8984	-0.73	0.8905	-0.2285	1.0377	-0.8607	-0.8515	-0.1479	1.0913	1.9205
CCNE1|Cyclin_E1	0.825	0.4512	0.4154	-0.016	0.3898	-1.4576	-1.2662	-0.4359	-0.7106	-0.607	-0.2601	-0.0664	-0.7197	0.4987	-0.7659	0.7714	0.8656	0.8879	-0.1035	4.1033	-0.5216	0.9979	-0.1866	-1.0851	-0.0566	0.4665	0.2708	-1.1562	-0.6566	0.6526	-0.0203	-0.2551	-1.2491
PARK7|DJ-1	-0.609	-0.7248	-0.1294	0.3575	-0.0129	0.2376	-0.6902	0.0257	3.1484	-0.4775	-1.1869	0.6844	-1.3952	1.4718	1.7945	0.2248	-0.9282	1.8274	-1.046	0.0096	-1.1781	0.8848	-0.8186	0.5311	-0.8074	0.7548	0.6454	-0.8565	-0.1479	-0.5732	0.0997	-0.2027	-0.9128
DVL3|Dvl3	0.3577	-0.4729	-0.0137	-0.5819	0.4674	0.3812	0.0965	-0.5966	-4.4384	-1.4372	-0.1555	0.392	0.3616	0.957	-0.1158	0.9889	0.0496	0.3694	-0.2865	1.2646	-0.3739	0.3727	0.5204	-0.5959	-0.3873	0.0918	0.4778	-0.2805	-0.5379	1.3607	0.1019	0.1697	1.493
CDH1|E-Cadherin	-0.8939	-0.4652	-0.3138	-0.0932	0.0581	-0.7522	4.0607	-0.3223	-0.1735	-0.7548	-0.3272	2.7366	-0.8168	0.0624	0.5524	0.2671	-0.5637	0.0508	-0.5435	-0.3616	-0.2713	0.3676	0.7667	-0.4096	-0.7814	-0.8509	0.6675	-0.6304	0.4889	-0.3581	0.6369	-0.8886	-0.1436
EEF2|eEF2	-0.5562	-0.8327	-0.3546	2.4676	-0.5133	0.1347	-1.0452	0.1918	-0.1171	-0.4908	-0.6837	-0.442	-0.8117	1.7827	-0.7713	-0.8072	0.3123	1.1013	1.1944	0.4723	-0.6905	-0.4125	-0.7258	-0.9233	-0.3614	0.2692	1.7177	1.6804	-0.6619	-0.1449	-0.7454	2.1297	-1.3626
EEF2K|eEF2K	1.1613	1.2671	-1.8924	0.8505	0.8824	0.411	0.4102	0.7627	-1.77	-0.561	0.7395	-0.4326	-0.597	-0.5171	-1.1672	1.0132	-0.0836	-2.3	0.9404	1.2812	-0.3094	-0.424	0.0334	-0.5743	-0.0558	0.631	0.4073	-0.7405	-0.2508	0.6493	0.0275	1.9472	-1.7399
EGFR|EGFR	-0.6255	-1.3411	1.2097	-0.645	-1.4033	-0.4066	-0.3736	1.9947	-0.4756	-1.3946	-0.9224	0.2165	0.2796	1.9978	-0.2408	0.4694	-0.5411	1.3597	0.6816	-0.448	0.3947	0.714	0.5012	-0.4921	-0.8162	-1.0338	-0.4371	-1.1948	0.7228	1.1779	-1.1622	0.0719	2.1625
EGFR|EGFR_pY1068	-0.8175	0.4901	-0.1494	0.1598	0.9971	-0.5365	2.2999	-0.1681	-0.0503	-1.0275	-0.2517	-0.4426	-0.7787	-0.2244	3.1956	2.5118	-0.1146	-0.1833	-0.8086	-1.2945	-0.2027	0.4112	1.0824	0.0317	-0.4947	0.0013	-0.6929	-0.8308	0.053	-0.0696	-0.4413	-0.5077	-1.1465
EGFR|EGFR_pY1173	0.2789	0.6341	-1.2366	0.8331	-0.2377	0.935	-0.7041	-0.1965	2.5884	0.3334	0.2426	-0.7572	0.1348	0.4921	-0.8417	-1.0211	-1.0752	-1.3871	2.1687	-1.0962	0.2109	0.3823	-0.3701	1.135	-0.0808	1.0307	-1.3884	1.6386	-0.994	-0.163	-0.2007	0.1336	-1.4218
EIF4E|eIF4E	-0.5237	0.0824	-0.4057	0.6264	-1.183	1.0859	-0.8715	1.8136	-1.3872	-0.0853	-0.5543	0.026	1.1682	-1.5275	-1.3252	0.5299	-0.2829	2.3896	-0.1437	0.875	-1.3022	-0.1435	-0.0082	-1.2572	-0.0089	0.0037	2.4602	0.4847	-0.2291	0.8343	-0.007	-0.6281	-0.506
ESR1|ER-alpha	-0.994	-0.4246	0.4832	0.2421	2.2088	-0.3973	0.9234	0.079	0.4152	-1.6972	0.0574	0.1943	1.0917	0.7278	1.1517	1.5374	-0.2814	1.4484	-0.3192	-0.698	-0.7259	0.8356	1.3442	0.4739	-1.6468	-1.2546	-1.2448	-1.573	-0.0972	-0.8561	-0.6019	-1.101	0.699
ESR1|ER-alpha_pS118	0.7702	0.1875	-1.5771	0.8919	0.4409	0.5312	0.2612	-0.0382	2.3516	1.36	0.6407	-1.1338	-0.1633	-0.5198	-0.9037	-0.9426	-0.3612	-1.5529	0.7557	-0.9685	0.3534	-0.0371	-0.3026	0.7405	0.154	0.6262	-1.3764	1.7006	-0.4545	0.1188	0.4987	0.5352	-2.5864
MAPK1|ERK2	-0.3487	-1.3567	-0.6986	-0.2398	-1.1659	-0.7929	-0.6776	0.5996	3.3218	-0.4985	-0.6185	1.3041	0.1339	0.5903	2.0543	1.0911	-0.6306	0.8065	-0.8113	-1.1182	0.0298	0.4624	0.0902	0.5744	-0.4718	0.6553	-0.4519	-1.3273	0.5039	-1.0363	0.8053	-0.129	-0.6493
FN1|Fibronectin	0.7302	0.4966	0.1227	-0.4839	-1.749	0.4161	-0.378	0.8217	0.7136	1.5445	0.6984	-0.0591	1.0013	0.9325	-1.5785	0.1201	-0.5359	0.3268	0.0437	0.6968	0.7538	-1.7559	-2.0487	1.5113	-1.7418	0.2973	-0.0025	1.6279	-1.0547	-0.4239	-1.415	0.244	0.1276
FOXO3|FOXO3a	-0.6597	0.0513	-0.2956	-0.0034	0.3305	0.398	-1.0897	0.8395	1.712	-0.7866	-0.2493	1.81	-1.4711	1.6622	-0.5416	1.3445	-0.8903	0.3709	-0.3076	0.8588	-0.4766	-0.837	0.7199	1.6427	-1.5139	1.1874	-0.9867	-0.3844	-1.62	-1.5599	0.0196	-0.0535	0.7796
GAB2|GAB2	0.5387	-1.1188	-1.5042	-1.4996	2.533	-0.3369	-0.3193	0.7886	-0.3918	0.3561	-0.1011	0.5021	-0.3041	-1.0609	-0.9832	0.8739	-0.9764	-1.1429	-0.3327	2.66	-0.3385	-0.1232	0.0003	-0.9275	0.6242	0.3701	0.6705	0.353	1.2263	0.532	-1.1681	-0.5165	1.1167
GATA3|GATA3	-0.4919	-1.1672	-1.0384	0.0654	-0.6319	0.2406	-0.0313	0.2483	2.4827	-1.2137	0.1095	1.2108	-0.0522	0.6467	1.6021	-0.555	0.9951	0.6625	-1.3292	-1.3413	-1.1732	0.9733	0.4082	-0.4541	-0.7139	-0.2914	-1.2159	-0.4806	1.4095	-1.1358	1.481	1.2884	-0.507
GSK3A GSK3B|GSK3-alpha-beta	-0.9197	-2.0273	1.8673	-1.0036	0.3256	0.7033	-2.1009	0.2684	1.0722	-0.7031	0.2948	0.59	0.3269	2.0656	0.2697	-1.2924	-0.0479	1.4553	0.402	0.0982	0.3934	-0.0293	-0.6437	-1.0408	-0.1964	-0.2559	1.0073	0.9566	-0.405	0.8558	-0.2867	-0.1899	-1.8097
GSK3A GSK3B|GSK3-alpha-beta_pS21_S9	-0.69	-0.203	-0.1941	-0.7158	1.4445	-0.3681	0.696	-0.3139	1.5396	0.2742	-0.269	-1.3775	-0.0809	-2.3429	1.9788	0.5697	0.5488	-0.3026	-2.402	-1.4967	-0.0415	1.0564	0.831	0.3339	1.1746	0.0054	-0.8374	-0.3988	0.9023	-0.7981	0.8867	0.2633	0.3271
ERBB2|HER2	-1.2106	-1.2563	-0.0859	0.172	0.8165	0.5165	1.1965	0.4105	-0.7007	-1.5827	0.4813	0.7622	0.626	1.342	-0.944	1.2177	-1.2511	0.9551	-1.6273	-0.1045	0.4549	-0.424	0.6948	0.0463	-2.6224	0.8406	-0.195	-0.9616	-0.8919	0.5921	0.2728	1.5534	0.9071
ERBB2|HER2_pY1248	-0.0758	0.0936	-0.6189	1.6529	0.522	1.263	-0.5296	-0.0621	2.1426	0.4172	-0.6174	-0.7261	-0.763	0.9743	-0.1333	-0.6888	-1.3206	-0.8024	1.8481	-1.1759	-0.8395	-0.7029	-1.1336	1.3143	-1.2948	0.2969	-0.5816	1.1568	-1.3912	-0.2158	-0.141	0.3925	1.7399
ERBB3|HER3	-0.3893	-0.4802	-0.1864	2.3631	-0.0443	-0.0313	-0.5022	-0.0948	-0.5726	-0.8034	-0.4705	-0.4917	-0.6774	0.3076	-0.8045	0.7592	2.1231	-0.5825	-0.173	-0.4463	-0.1812	-0.5389	-0.1395	-0.1547	-0.4646	-0.0012	-0.6137	3.5707	-0.9369	-0.4301	-0.4099	-0.3433	1.8405
ERBB3|HER3_pY1298	0.0887	-1.5411	-0.4887	1.7143	-1.1484	-0.1763	-0.7673	0.3701	-0.8494	0.3992	-1.0162	-0.3809	-1.4715	1.6095	0.589	-0.734	-0.0456	1.8554	0.4648	0.4587	-0.9455	1.6704	-1.1314	1.0911	-1.2644	-0.8178	-0.4881	1.0186	-0.0539	0.259	-0.279	1.9865	0.0244
HSPA1A|HSP70	0.0305	-0.4032	-1.0743	1.5412	-0.3425	-0.9172	-0.1653	-0.93	0.8812	-1.1469	-0.6698	0.3904	-0.6931	0.3374	-1.0166	0.1268	1.0678	0.2971	2.9425	0.1698	-0.5642	-1.0182	0.9061	1.9026	-0.1982	-1.4256	0.0303	0.6062	0.1666	-0.9126	-1.3006	-0.1641	1.5457
IGFBP2|IGFBP2	0.8687	1.5752	-0.8644	-1.0547	-0.9019	-0.5571	0.3937	0.6841	-0.2049	0.5678	-0.9042	0.711	2.1151	-0.8708	-0.683	1.9389	-1.0428	-0.0148	-0.3037	0.4868	0.9647	-0.5248	-0.5452	0.1029	-1.601	-0.254	0.6031	1.288	-1.6328	-0.8696	-0.7191	-0.5402	1.7889
INPP4B|INPP4B	-0.839	-0.9931	-0.7393	-0.0799	0.1615	-1.271	0.757	0.2473	1.8958	-1.9476	-0.6082	0.7929	-1.692	0.6654	1.7209	0.8733	-0.7593	0.8934	-0.6474	-0.3344	0.126	0.8993	1.0068	-0.6941	-0.243	0.0965	-1.2099	-1.5858	1.855	0.3275	1.0141	-0.1337	0.445
IRS1|IRS1	0.315	2.3471	-1.5089	0.2621	-0.0447	2.5306	-0.6327	0.0403	0.6202	0.1502	-1.3978	-0.6185	1.4563	1.6623	-0.41	0.2548	-1.0514	-0.6395	0.3322	-0.7476	-1.2889	-0.0061	-0.4893	1.0265	-0.978	-0.3865	-0.0435	0.3429	-1.5812	-0.6626	0.0122	0.1028	1.0318
MAPK8|JNK_pT183_Y185	-0.2601	-1.002	0.3687	1.629	-0.3219	-0.0257	-0.7649	-0.045	-0.4576	0.3256	-0.9332	-0.9292	-0.9809	1.0302	1.6753	2.3311	-0.5615	-0.2453	-0.4173	-2.0575	1.3421	1.0537	0.6264	1.3708	-0.9531	-0.1768	-1.413	0.1911	-1.5925	0.6916	0.1839	-0.0603	0.3785
MAPK9|JNK2	0.61	-0.6748	1.1595	-1.0056	-0.3873	-0.0789	-0.3329	0.3154	1.5192	0.2823	-1.0009	-0.0398	0.272	-2.1556	0.6254	2.8299	0.037	-0.2513	-1.2284	0.364	-1.8347	-0.8755	0.4138	-0.9963	-0.4939	0.6332	-0.131	-0.1292	0.7989	-0.2265	1.6514	1.1105	-0.7798
XRCC5|Ku80	0.2534	-1.0613	-0.7297	1.3617	-0.3017	0.4766	-0.4624	0.7863	-2.3261	0.2642	-0.7714	-0.2743	0.105	0.6377	0.2382	-1.5265	-0.0741	-1.4159	0.8863	1.1163	0.2901	1.1918	-0.9657	-1.4086	0.109	-0.0606	0.0425	1.2935	-0.3287	1.0345	1.6337	1.6234	-1.6374
LCK|Lck	0.746	0.5271	-0.2771	0.4465	0.6823	0.036	-0.6915	-0.3885	-1.7559	0.0245	1.1775	-0.1821	2.242	-0.3249	1.5331	-0.5342	-0.6681	-0.3707	-0.8279	-2.0818	-0.5131	0.8305	0.2179	-1.1607	0.344	-0.158	-0.2295	-1.7148	1.5257	-1.106	1.7307	0.9423	-0.0212
STK11|LKB1	0.0065	-0.2316	-0.1473	-0.3564	-1.3393	0.1514	-1.497	1.6201	2.7487	-0.3393	-0.7533	0.3183	0.348	0.6352	-0.3415	-0.7374	-1.1773	1.288	1.3582	0.2551	-0.6203	-0.5873	-0.883	1.9647	-1.3284	0.9973	-0.2624	-0.4338	-0.4629	0.1991	-0.756	-0.9041	1.268
MAPK1 MAPK3|MAPK_pT202_Y204	-1.0485	0.9069	0.1654	0.2956	0.0166	-1.112	1.7049	-0.228	0.8878	-0.968	-0.1888	-1.0135	-0.242	-0.8919	2.6358	0.6299	0.8902	-0.2955	-1.409	-1.4111	1.0281	-0.588	0.3673	2.503	0.0605	0.546	-0.79	-0.6529	-0.504	-0.2027	-1.1658	-0.201	0.2749
MAP2K1|MEK1	1.3119	0.3698	0.6543	-0.1465	-0.1469	0.4351	0.6374	0.4914	0.6649	0.7446	-0.3256	-0.4321	1.7896	-2.273	-0.2498	0.7494	-0.6171	-0.5484	-2.7309	0.6188	-1.7565	-1.7126	-0.1065	0.1776	-0.8354	0.5008	0.9038	0.5166	-0.3977	-0.3585	1.357	0.8827	-0.1683
MAP2K1|MEK1_pS217_S221	-1.2357	1.0009	0.354	0.2417	-1.1037	-0.4344	-0.2825	1.0511	0.7506	2.2328	0.7825	-0.4622	0.2293	-0.0597	0.0114	0.1506	-0.9495	1.501	1.0451	-0.6456	0.9895	-0.2822	-0.5506	1.4519	-2.0476	-0.9436	-0.1782	-0.8713	-0.9607	0.0228	-2.238	0.3412	1.0892
ERRFI1|MIG-6	-0.0954	0.3446	1.2221	-0.8629	-1.076	-0.3679	-1.9326	1.795	2.1249	-0.3263	-0.6161	0.2722	-1.475	1.356	-0.9175	-1.5087	-1.3527	0.7537	-0.3521	0.7239	-0.5554	0.0614	-1.0271	0.5456	-0.6228	0.3455	0.7542	0.8056	0.1834	1.6059	-0.7975	0.489	0.5029
MRE11A|Mre11	0.4479	0.2464	1.1452	-0.2467	-1.0952	0.4137	-1.2322	0.1681	-0.3639	-0.5666	-0.8041	0.1706	-1.5283	1.8959	-0.706	1.5363	-0.8955	0.4081	1.9828	0.2539	0.6716	-0.9156	0.3495	1.3344	-1.7482	0.6492	-1.7213	-0.0747	-0.8866	0.1846	-0.5145	-0.2298	1.6707
MTOR|mTOR	-0.3884	-0.4389	0.8927	0.1129	0.6241	0.3844	0.0021	0.9441	-4.2427	-0.0463	-0.0308	1.032	0.5248	0.0489	0.7928	1.1208	-0.3895	1.0494	-0.1772	-0.4504	0.2133	0.5646	0.007	-1.7883	0.4105	-0.5414	0.0682	-1.2785	1.0413	0.3796	0.5437	-0.6107	-0.374
MTOR|mTOR_pS2448	-0.306	-0.0514	-0.2202	-0.6155	1.1931	-0.6119	0.7319	0.5119	-2.5613	-0.1141	0.1621	-0.5537	-0.4469	-1.4133	1.6706	1.1091	0.7341	0.4579	-1.5774	-0.9559	0.8821	1.257	1.4492	-1.2513	0.8314	-0.478	-1.0709	-1.0269	1.0815	-0.1869	1.241	0.6593	-0.5307
CDH2|N-Cadherin	-0.6881	0.4626	-1.31	1.048	0.5659	0.145	-0.2726	-0.0477	-0.3047	-1.1785	-0.8615	-0.2928	-1.4541	1.959	-0.8209	1.9003	0.3424	0.7772	1.17	-0.5421	-0.3371	-0.5973	0.5083	1.6804	-1.8022	-0.7732	-0.789	0.3233	-0.7911	-0.1831	-0.7771	1.0029	1.9379
NFKB1|NF-kB-p65_pS536	0.7081	-0.5979	0.2635	-0.6725	0.0978	-0.4477	0.5651	-0.8963	-2.2895	0.7054	0.2777	-1.1261	0.3676	-0.9547	-0.3532	0.071	0.261	-0.9797	-0.9252	-1.0996	-1.075	0.8712	-0.4515	-0.7213	1.3441	-1.2643	0.496	0.5455	1.6707	0.5966	2.0177	2.0635	0.9323
NF2|NF2	0.0979	-2.0684	-2.2408	0.4941	-0.0987	0.2452	-1.0003	0.2361	-0.7654	0.414	-0.2606	0.6732	-0.2208	0.4746	0.5681	0.2702	-0.0883	1.3084	0.0905	1.1366	0.0242	0.0299	-0.669	-1.5156	-0.1753	-0.5427	0.5811	1.1424	0.9994	-1.1807	0.666	2.7918	-1.417
NOTCH1|Notch1	1.4802	0.9959	-0.4076	-0.5116	-1.3008	0.5372	-0.7379	0.7665	1.4327	-0.5092	-0.8211	-0.0741	0.2703	-1.1444	-0.1344	-0.0769	-0.0311	-1.8298	1.9776	-0.8251	-1.0694	-0.8337	-0.1049	0.7748	-0.4864	-0.1892	2.6389	0.2863	-0.463	1.4936	-0.5093	-1.0995	0.5053
CDH3|P-Cadherin	0.0061	0.4885	-1.083	0.0631	-0.4628	0.4334	-0.6271	0.9532	-0.1883	-2.2093	-0.636	0.5938	-2.0566	0.8928	1.8265	0.4942	0.0873	-0.7855	1.5928	-0.5292	-0.6678	-0.0918	-0.0424	1.5842	-1.0807	-0.376	-0.8935	-0.0983	0.322	-0.3585	0.7047	2.4947	-0.3501
CDKN1B|p27	-0.5009	-0.6879	-1.3031	0.1742	-0.7209	-0.608	-0.2796	-0.5817	3.5163	-0.3086	-0.7109	0.3482	-0.316	-0.051	1.4474	-0.9818	-0.7825	0.3547	-0.9284	0.3584	-0.5692	0.6795	-0.3025	0.9591	-0.4194	2.1013	-0.9953	-0.9986	0.8692	-0.3771	1.3898	0.2446	-0.0193
CDKN1B|p27_pT157	0.1065	-0.1152	-1.9804	0.9982	1.7494	1.2274	-0.5369	0.242	2.0267	-0.3601	-0.5044	-0.9485	1.0287	-0.5228	-0.2971	1.3837	-0.8659	-2.1381	-0.1012	-0.2855	-1.2175	0.7458	0.5303	1.2164	-1.6361	1.0038	-0.0867	-0.2821	-0.7396	0.2175	0.6909	0.0502	-0.5994
MAPK14|p38_MAPK	-0.6024	-0.1522	-0.5605	-0.3888	-0.6863	0.2206	-1.3416	1.1266	-1.6012	-0.4721	-0.0425	0.9761	-0.7256	0.906	0.3728	-0.0827	-1.6458	1.5924	0.4955	-0.8623	0.1828	1.4418	-0.17	-2.3295	0.0998	-1.256	0.5497	-0.5649	1.8943	1.3958	0.7564	0.9829	0.4908
MAPK14|p38_pT180_Y182	-0.7458	-0.0542	-0.0141	-0.082	0.9848	-0.7426	0.696	1.0053	-1.3106	-0.4013	-0.2893	-0.475	-0.4271	-2.0418	1.6543	-0.2738	0.5577	1.1248	-2.4178	-1.7593	0.2316	1.2561	0.9605	-0.3736	0.9193	-0.1561	-1.032	-0.8593	1.2705	0.0278	0.9888	0.9566	0.8217
TP53|p53	-0.3444	-0.069	-0.5223	-0.0411	0.4813	0.7183	-0.2803	0.3411	-3.6211	-0.6469	-0.4605	0.0691	-1.4035	3.6502	0.0783	1.1373	-0.1845	0.1014	0.2569	0.2005	0.0006	0.3795	0.6132	0.3606	-0.4837	0.0437	-0.3425	-0.1339	0.1361	0.1746	0.1247	-0.2825	-0.051
RPS6KB1|p70S6K	0.501	-0.4598	0.9265	-0.225	2.5764	0.4106	-1.0591	0.2861	0.1025	-0.3113	0.0007	0.1773	1.6825	-1.785	0.1209	1.1435	-0.2647	-0.8471	-0.2229	-0.2325	-1.3931	0.6187	-0.2049	-1.413	-0.2096	-0.6512	0.7946	-1.0148	-0.4415	0.3064	1.1918	1.8247	-1.9284
RPS6KB1|p70S6K_pT389	0.3392	0.87	0.1834	-0.0614	2.5045	0.4466	0.5067	0.2166	-2.4358	-1.0405	0.2155	-1.0144	-0.0893	0.3514	-0.5437	2.3502	0.4387	0.0017	0.08	-0.6755	0.9796	-0.2136	0.9579	1.0409	-0.809	-1.4979	-1.4605	-0.6487	-1.1414	-0.3763	-0.4081	0.2281	0.7049
RPS6KA1|p90RSK_pT359_S363	-0.7322	1.1148	-0.5404	0.3398	1.1512	-0.528	1.44	-0.3689	-1.511	-0.8889	-0.7694	-1.0514	-0.3407	0.7368	0.3735	1.5923	0.2701	0.3023	0.5398	-1.04	-0.0711	0.5839	0.5941	1.9704	-0.6226	-1.3959	-0.7611	-0.705	-1.7751	-0.5102	-0.0491	0.223	2.4291
SERPINE1|PAI-1	-0.1	0.1846	1.0315	-0.4224	-0.887	0.5553	-0.1332	1.0609	0.0522	1.6089	0.3779	-0.98	-0.7611	1.2186	-1.4553	0.3056	-1.152	-0.0398	0.9739	-0.4349	-0.0657	-1.5639	-1.3588	0.2114	-1.1552	0.4595	1.2857	2.5283	-1.3461	1.1989	-0.9357	-0.8194	0.5571
PXN|Paxillin	0.2044	-0.1913	-0.1567	-0.2994	-1.8184	-0.2737	0.1347	1.0929	3.1022	0.1753	0.2126	0.4504	-0.1982	-2.3788	0.7062	0.2016	-0.4202	-2.7865	-0.7969	-0.5422	0.0058	0.5165	-0.2705	0.5674	-0.3496	0.1905	-0.061	-0.0519	1.1699	0.6043	0.2977	0.2695	0.6934
PCNA|PCNA	0.958	0.916	2.3072	1.5216	-0.7016	1.5379	-1.2392	0.1913	-0.7273	-1.2632	0.0658	-0.2161	0.4262	0.9767	-1.3254	-0.5695	-0.632	-0.7174	1.5222	0.1517	-0.3079	-0.6537	-0.9442	0.2647	0.0385	0.6128	1.1737	0.7327	-1.0927	0.6479	-1.2057	-0.6378	-1.8109
PDK1|PDK1_pS241	-0.6553	-1.9108	1.4574	0.1578	-0.5564	0.591	-0.8898	1.0412	-0.5041	0.2033	-0.3478	0.8673	2.0409	-1.1104	0.7694	-0.9617	-0.5712	1.9231	-0.9567	0.0993	-0.4259	0.6855	-0.5234	-1.3439	1.0012	-0.9306	-0.0426	-1.5586	1.6573	-0.0483	0.4682	0.9401	-0.5657
PEA15|PEA15	-0.7662	-2.3904	-0.8494	-0.4753	-1.2821	-1.3904	-1.3814	1.725	1.7508	-0.3787	-0.6045	0.148	0.4872	1.7106	0.8056	0.4102	-0.5696	1.6982	-0.9827	0.6727	0.0671	0.5304	-0.4962	0.9052	-0.9159	-0.0196	0.065	-0.7418	0.3878	-0.0974	0.4341	1.4052	0.1384
PIK3CA |PI3K-p110-alpha	-0.75	1.2174	0.7031	0.6315	1.9953	-0.1821	-0.868	1.3777	0.2792	-0.3371	0.2418	-0.0949	-1.5756	2.549	-0.8042	0.9356	-0.4596	0.5168	-0.9731	-0.9278	-0.5006	0.1612	0.4241	-0.0995	-0.8161	0.3531	1.4512	-1.3584	-0.5851	0.0502	0.452	-1.6908	-1.3165
PRKCA |PKC-alpha	0.5839	-1.573	-0.0562	0.9828	0.5367	1.1104	0.5047	-0.9838	-2.3701	-0.9781	-0.1421	0.211	-0.8731	-0.3672	0.2496	1.3016	-0.4958	2.0067	-0.447	1.1583	0.2345	0.763	-0.5043	-1.8932	-0.303	0.4267	-0.8076	-0.8998	0.941	-0.6713	1.9207	0.3486	0.0852
PRKCA |PKC-alpha_pS657	0.2262	-1.5623	-0.0868	0.9265	0.7877	1.1664	0.6789	-0.4907	-3.4198	-0.7081	-0.2598	0.2735	-0.729	0.25	0.5205	1.3758	-0.2844	1.5063	-0.2175	0.9145	0.2722	0.8269	-0.1324	-1.6704	-0.0307	-0.0517	-0.4069	-0.9014	0.6747	-1.0682	1.5566	0.2062	-0.143
PRKCD|PKC-delta_pS664	0.7535	-0.6498	-1.1247	-0.8997	1.1265	-0.2872	-0.1316	0.5842	-1.6508	0.5563	0.3059	0.2537	1.3933	-2.2305	0.6125	0.7213	0.3928	0.1399	-1.7399	-0.2784	-0.7452	1.4545	0.6156	-0.6655	0.4464	0.2537	-0.7605	-0.3589	0.893	-1.0201	2.2995	0.9469	-1.2067
PGR|PR	0.5775	-0.0864	0.3161	0.1961	0.0656	0.5409	-1.3098	0.2727	-0.3798	0.0435	-0.1805	-0.5793	-0.2876	0.7195	-1.0049	0.5298	-1.4136	-1.0218	2.763	0.1694	0.4261	-0.0552	-1.2846	0.6242	-0.1032	1.96	-0.634	1.9314	-1.5936	-0.4924	-0.322	1.2476	-1.6346
AKT1S1|PRAS40_pT246	-0.633	0.3731	-0.9357	-0.1163	2.3197	-0.445	1.3047	-0.429	1.6982	0.8049	-1.0298	-1.3002	0.7789	-1.3652	1.9177	1.2808	-0.0937	-1.2244	-0.8672	-1.1559	-0.2567	0.7113	0.9726	1.0523	0.1295	0.0352	-1.0188	-0.1758	-0.2867	-0.2156	0.3705	-0.9601	-1.2403
PTEN|PTEN	0.1566	-0.4259	0.5938	-1.4043	-0.1281	1.4557	0.1215	0.0254	-2.6983	0.6814	0.7556	0.2231	3.3931	-1.5711	-0.2574	-0.1619	0.6401	-0.6832	-0.1539	0.7806	0.1335	0.2635	-0.4551	-1.3795	1.0824	0.101	-0.572	-0.26	0.32	-0.5113	-0.3754	0.0085	0.3016
RAD50|Rad50	0.8933	0.4471	1.9348	0.4417	-1.419	0.145	-0.7773	0.2648	-1.8554	-0.4817	-0.4966	0.1437	-0.7626	1.7606	-0.1473	0.438	0.2228	0.6162	0.754	0.9742	0.5757	-0.0774	0.4064	-1.1419	-0.2123	0.4755	-2.9408	0.2163	-0.2929	0.2359	0.2748	1.1741	-1.7896
RAD51|Rad51	-0.7132	0.5229	-0.5175	0.8114	-0.0495	0.3836	-0.3684	-0.259	-1.6807	-1.5364	-0.0102	-0.0573	-0.3309	1.3354	-1.2173	0.6623	0.4582	1.3157	1.3279	-0.6033	-0.1244	-0.2758	-0.1208	1.8633	-1.0035	-0.7181	0.7629	-0.4473	-1.0641	0.3275	-0.79	-0.9271	3.0435
RB1|Rb_pS807_S811	-0.0891	1.3365	-1.2706	-0.1347	1.772	1.3824	1.0741	-0.5914	-0.7287	-0.7316	0.7918	0.2939	-0.5534	-2.3782	-0.2539	-0.51	0.7397	-0.3247	-2.1753	-1.152	0.5615	-0.046	0.6103	-0.2193	2.054	0.8032	-0.0249	1.0912	-0.0015	0.0931	0.23	-0.7067	-0.9416
RPS6|S6	-0.0269	-1.6532	-0.3356	1.1981	0.2772	1.2643	-0.586	0.0165	-3.5045	0.0113	-0.2604	-0.2026	-0.7908	1.2917	-0.2713	0.1292	-0.0468	-0.3301	0.363	0.6616	0.4012	0.7427	0.1073	-0.9592	0.8523	0.4994	-0.4273	0.1373	0.6198	1.0929	1.4485	0.4183	-2.138
RPS6|S6_pS235_S236	-1.0397	-1.3997	-0.3099	-0.1549	0.2993	-1.1513	1.0288	0.6579	-2.1835	-0.2111	0.5111	-0.9115	-1.5828	-0.7573	0.2159	0.7548	1.3328	0.3309	-0.845	0.3753	2.176	0.5912	0.2261	-0.3475	1.4917	-0.7035	-1.0423	-0.6022	1.1455	0.6688	-0.0941	-0.2903	1.8207
RPS6|S6_pS240_S244	0.1231	-1.7681	-0.4754	0.0018	0.0838	-0.9312	1.4038	-0.2242	-1.9315	-0.3035	-0.1285	-0.7039	-2.1396	-0.6924	-0.3288	0.4721	1.0646	-0.0008	0.0131	0.9631	1.8732	0.5402	-0.0314	-0.6988	1.464	-0.8666	-1.425	-0.1284	1.0834	1.3878	0.451	0.3344	1.5189
SHC1|Shc_pY317	-1.543	-1.2393	1.6542	0.2215	1.746	-0.1488	-0.0754	0.2941	1.1872	-1.1571	0.8645	0.4994	1.3223	-1.9117	0.8208	1.6031	-0.427	-0.4004	-1.2048	-0.0185	-1.3583	0.4519	0.3067	-1.3478	-0.4001	-0.1873	1.0285	-1.0699	0.429	0.1943	1.1827	-0.4303	-0.8866
SMAD1|Smad1	1.8355	-1.0124	0.6997	1.7903	-0.1607	0.2859	-0.413	-0.6543	-0.0009	0.4461	0.0337	-0.7061	-0.5148	-0.2973	0.2304	-1.1087	-0.4145	0.009	-0.2415	-0.5049	-0.7087	-0.4108	-0.5433	-0.3998	-0.6811	0.2902	-1.0094	-0.0186	-0.3295	1.0439	2.7146	2.5938	-1.843
SMAD3|Smad3	1.4869	0.0007	-0.3716	1.7221	0.1568	0.6779	-0.5815	0.3894	2.5746	0.959	-0.2686	-0.4576	0.5052	-0.2816	-0.1677	-1.4855	-0.8857	-1.2659	0.7535	-1.7795	-0.7467	0.3426	-0.6734	0.6943	-0.1334	0.86	-1.1473	1.0599	-1.0503	-1.1355	0.7959	0.7771	-1.3242
SMAD4|Smad4	0.1615	0.5515	1.4918	0.9136	1.081	0.257	-0.0698	-0.7368	1.2694	0.4764	0.4491	-0.8923	-1.3598	0.2139	-1.1381	1.0293	0.8641	-0.0527	-0.2867	-0.2868	-1.1567	-0.9058	-0.152	-0.8212	-0.8469	-0.2753	-0.8647	3.3692	-1.2766	0.8231	0.0526	-0.944	-0.9373
SRC|Src	-0.1174	-0.337	2.2964	-1.1809	-0.5464	-1.1353	-0.5237	2.761	0.6323	-0.8093	0.3126	0.8223	1.6332	-0.102	0.1915	-0.6532	-1.3894	0.9264	-1.0695	-0.5763	-0.0396	-0.3098	0.3396	0.454	-0.1863	-0.3038	-1.1982	-1.0227	1.1072	0.2524	-1.2078	1.274	-0.2941
SRC|Src_pY416	-0.6447	0.3672	0.7301	-0.6602	0.3612	-0.9423	0.5885	-0.5818	0.9177	-1.1628	0.0898	-1.2632	-0.6327	-1.2251	2.6309	0.4135	-0.0813	-0.6815	-1.6753	-1.7211	-0.6101	1.3422	0.6302	0.128	0.8207	-0.2283	-0.6234	-0.6827	1.2219	0.6189	2.1487	0.171	0.2361
SRC|Src_pY527	-0.0999	0.2682	1.1949	-0.1426	0.1778	-0.7291	1.4641	-1.2472	0.1708	-0.9132	0.1227	-1.0884	1.1313	-2.0852	1.6286	0.0884	0.4693	-0.2624	-2.7738	-1.7306	-0.0125	0.8542	0.6293	0.7928	0.913	-0.0603	-0.9794	-0.1983	1.1278	-0.1812	0.1852	0.3953	0.8903
STAT3|STAT3_pY705	-0.5712	-0.379	-1.863	-0.8045	-0.8118	0.573	0.6253	0.2578	1.0236	-0.8224	-0.5943	-0.216	-2.3976	0.7731	1.0317	-1.5762	0.0887	1.2701	1.1534	1.5601	0.1751	-0.3215	-0.7574	-0.1338	1.3219	-1.4101	1.8176	0.7006	0.6689	-0.0201	0.3964	-0.8344	0.0759
STAT5A|STAT5-alpha	0.316	0.0853	-0.4614	-1.1766	-0.4883	1.4316	-0.0452	0.4165	-1.3009	0.5718	-0.7184	0.3625	-1.3529	-2.6325	0.8485	0.2347	0.1625	-1.1857	-0.4332	-0.8689	-0.798	1.2362	0.2785	-1.4693	0.4641	-0.1512	0.7215	0.0898	1.821	1.1767	1.3958	1.5588	-0.0895
STMN1|Stathmin	-0.3279	0.9948	0.079	0.5841	-0.7553	1.3268	-1.4455	-0.4158	2.2358	-0.0172	0.2496	0.1412	1.0381	0.8855	-1.0754	-0.606	-0.9508	-0.3669	2.1475	-0.8147	-0.6545	-0.5191	-0.8327	1.9402	-0.8787	0.6449	0.2728	-0.1467	-1.2028	-0.5918	-1.1538	-1.0304	1.2457
SYK|Syk	0.3492	0.0376	0.9502	-0.1479	0.3201	0.8744	-0.047	0.5075	-3.0951	0.4985	-0.1243	-0.6964	1.0257	-2.6507	-0.5212	0.7057	0.0453	-0.0998	0.0017	0.7368	0.3292	0.2588	0.1662	-1.5844	0.8448	0.2348	-0.5794	0.497	0.7719	-0.4081	0.6506	1.7819	-1.6336
TSC2|Tuberin	1.0485	-0.2732	0.0212	0.0702	1.3069	1.5229	-0.2585	0.3114	-3.2256	0.9555	0.3414	-0.2274	1.0362	-2.202	-0.6315	0.3276	0.1688	-1.3616	0.121	-0.3725	-0.3931	-0.383	-0.3569	-0.9988	0.3804	0.1081	-0.454	0.0584	0.6985	1.0875	1.7067	0.738	-0.8711
KDR|VEGFR2	0.0138	-1.4733	0.2512	0.5004	-2.3989	-0.408	-0.148	0.3814	-0.8682	-0.5427	-0.1751	0.3004	-1.6201	0.5695	1.7605	-0.4454	-0.8876	1.289	-1.4867	0.4136	-0.6148	2.0811	-0.5121	0.1503	-0.7802	-0.5028	-0.5481	0.4775	0.838	1.5186	0.8286	0.9091	1.129
XRCC1|XRCC1	0.3657	-1.389	0.77	0.4021	1.5208	1.0008	-0.6696	-0.6267	-3.8076	-0.8849	0.2637	0.3069	0.4006	1.3267	0.0133	0.636	0.0526	0.5717	1.4352	0.2064	-0.1207	0.8888	-0.1089	-1.1642	0.121	-0.0304	-0.4209	0.3635	-0.4515	0.4538	0.6039	-0.5171	-1.5121
YAP1|YAP	0.109	-0.9445	-0.2176	-0.0602	-0.9752	-1.2753	-0.4872	0.0441	3.2054	-0.6514	-1.0174	0.1384	-0.2925	2.1185	0.2278	-0.1369	-1.1342	0.856	-0.0587	0.0931	-0.7014	-0.0704	-0.408	2.3104	-1.04	-0.2422	-0.2075	-0.2112	-0.8464	0.0487	0.1757	-0.0278	1.6792
YAP1|YAP_pS127	-0.4057	-0.534	-0.0533	-0.1331	-1.211	-1.4213	0.487	0.0947	2.0746	0.0125	0.2896	0.4123	-0.9146	-0.7309	0.5919	0.3535	-0.567	1.374	-2.4002	0.4644	-0.0217	0.0319	-0.4454	2.1643	-1.5569	-0.254	0.1847	-0.1588	-0.1499	-0.2742	0.575	-0.3705	2.4919
YBX1|YB-1	0.4103	0.5163	0.5612	-0.2081	-0.8607	0.3999	-0.8016	-0.3048	2.1971	0.3676	-0.6029	-0.8743	0.3144	0.2309	-1.0251	0.0898	-0.8924	-0.4044	-0.33	0.4796	-1.4857	-1.2586	-1.654	1.6232	-1.4269	-0.147	0.6593	1.4911	-1.1042	0.817	0.2991	2.4219	0.5016
YBX1|YB-1_pS102	-0.7179	0.2831	-0.9618	-0.123	0.4015	-1.387	0.3261	0.4369	1.4468	-0.1097	-0.648	-1.9357	0.642	-1.4225	1.9657	1.8342	-0.1905	-0.8848	-0.8329	-1.6179	-0.2425	1.2572	0.8455	1.5578	0.4219	-1.1224	-0.395	0.0488	-0.8097	-0.3878	0.797	0.63	0.8946
EIF4EBP1|4E-BP1_pT70	-0.5665	1.7953	-0.422	0.3212	-1.1203	-0.1454	-1.38	0.039	3.0591	-0.5416	0.3483	-0.5545	-0.6694	0.6083	-0.7185	-0.4401	-0.6282	1.6357	-0.7266	-0.9142	-0.7794	-0.0184	-0.8202	1.8239	-0.8229	1.609	-0.4388	-0.2672	-0.1749	-0.76	0.55	0.1881	0.9313
ARAF|A-Raf_pS299	-0.9655	-0.0178	0.1749	0.3407	1.9563	0.0214	0.5952	0.358	-1.7767	-0.647	-0.8219	-0.6521	-0.3087	1.1894	1.2301	2.5477	-0.2892	0.4449	-1.4633	-0.2746	-0.8447	1.2023	1.1178	-0.4159	0.1349	-0.3555	-1.0621	-1.3883	-0.4931	-0.9139	1.7122	0.0263	-0.3617
ANXA7|Annexin_VII	0.6066	-0.6459	1.2362	-0.8358	-0.2033	-0.3977	0.1275	1.5784	-1.6597	-0.2261	-0.3805	0.6099	0.3061	-0.1612	0.5774	-0.9578	-0.3063	1.8121	-1.3851	1.4544	-0.6271	1.2821	0.2356	-2.6748	-1.2995	0.1101	-0.9446	0.1241	1.1467	0.0082	0.8031	1.0936	-0.4066
ARID1A|ARID1A	NA	NA	NA	NA	NA	NA	NA	NA	NA	NA	NA	NA	NA	NA	NA	NA	NA	NA	NA	NA	NA	NA	NA	NA	NA	NA	NA	NA	NA	NA	NA	NA	NA
BRAF|B-Raf	0.3091	1.169	-0.3547	-0.8817	1.1799	2.4647	-0.7147	0.7266	-1.2701	0.8327	1.0715	-0.638	1.3361	-1.6413	-0.8313	0.4997	-0.2639	-1.5052	0.9186	0.2049	-0.9914	-0.8137	1.0248	-0.5531	0.0766	-0.3032	0.3997	0.4676	-0.3344	0.0044	0.5173	0.2793	-2.3858
BAD|Bad_pS112	-0.0002	-0.3243	-0.5598	-0.6614	0.1818	-1.2342	0.3411	1.2854	1.0102	0.3243	0.1371	-0.5418	0.7597	-2.5899	0.9678	0.5344	0.1045	-0.7709	-2.8566	-0.6313	-0.0668	1.4962	0.4719	0.1908	0.7204	-0.145	0.2254	-1.0316	1.3016	-0.6693	1.3847	1.1244	-0.4785
BAP1|Bap1-c-4	0.635	1.8161	0.0746	0.1538	1.5738	1.3377	-0.5346	0.0069	-0.5442	-0.1035	-0.1845	-0.4601	0.3198	-2.4635	-0.2823	0.2429	0.2015	-2.2314	0.5535	1.1303	-0.6867	-0.1071	0.6104	-1.5402	0.2316	1.065	0.1218	-0.1638	0.0929	0.7087	0.9386	-0.1973	-2.3158
BRCA2|BRCA2	NA	NA	NA	NA	NA	NA	NA	NA	NA	NA	NA	NA	NA	NA	NA	NA	NA	NA	NA	NA	NA	NA	NA	NA	NA	NA	NA	NA	NA	NA	NA	NA	NA
MS4A1|CD20	2.3155	1.118	0.8151	-0.2562	0.4635	0.8044	-0.4642	0.5041	-0.6928	0.3697	-0.6074	-1.3783	0.9297	-1.2559	-0.5904	0.2721	-0.7159	-1.2647	-0.3542	-0.2465	-0.5665	-0.4754	-1.1208	1.503	-0.6981	-0.4696	0.4591	0.4897	-0.6298	0.1304	0.7899	2.6116	-1.7891
CCNE2|Cyclin_E2	0.9683	0.9365	-0.6783	0.8301	0.3547	0.5992	0.0201	-0.3235	0.99	1.0851	1.0062	-0.7137	-0.3452	-0.9075	-1.4317	-1.266	-0.2042	-1.8607	1.2409	-1.4763	0.4159	0.0252	-0.5546	0.3566	0.5109	1.0642	-0.8907	1.9222	-0.3757	0.3151	0.5661	0.4144	-2.5935
ETS1|ETS-1	-0.489	-0.342	-1.4306	0.8083	1.1511	-0.1083	-1.4722	-1.1239	0.1331	0.0686	0.0244	0.0222	0.7052	2.3842	0.3948	-1.0069	0.3824	0.388	1.8421	2.2158	-0.7318	0.6025	-0.4301	-1.1384	-0.9999	-1.5999	0.7902	-0.626	0.3376	-0.503	0.6315	0.2996	-1.1796
EIF4G1|eIF4G	0.649	0.4747	-0.108	0.3004	0.3696	1.3083	-0.0098	0.7667	-2.5592	0.4085	0.0139	-0.3492	0.3827	-2.7297	-0.7119	0.509	0.751	-2.3034	0.9029	0.3244	-0.1476	-0.4072	-0.0285	-1.3832	0.0683	-0.1488	1.2654	1.174	0.0596	1.3571	0.2808	0.3411	-0.8212
FASN|FASN	-0.4231	-0.3398	-0.0519	1.8897	0.0697	0.6269	0.0492	0.1218	-2.3893	-0.5503	0.4111	0.0473	-0.5462	3.0572	-0.7637	0.0325	-0.2331	1.1328	0.7925	0.6645	0.5935	0.059	-0.4556	-1.7964	0.5003	0.068	0.7926	0.2887	-0.6731	-0.1743	-0.61	-2.0663	-0.124
FOXO3|FOXO3a_pS318_S321	-0.8304	-0.0207	1.4135	-0.8902	0.6116	-0.8211	-0.2148	0.7078	-1.6566	-0.7999	0.0037	-0.0701	-0.4167	-1.796	1.5895	0.1584	-0.1853	0.4995	-2.2187	0.857	-0.3484	1.8011	0.841	-0.2956	0.6914	0.3168	-0.0752	-1.7402	1.2352	-0.9892	0.8718	1.0264	0.7442
FOXM1|FoxM1	1.197	0.5111	0.9094	0.4468	0.7817	2.7816	-0.1405	-0.5537	-1.8052	-0.9023	1.0575	-0.0021	-0.5525	-0.8959	-1.3255	1.4168	0.5088	-1.2146	1.4354	0.7226	-0.9995	-0.49	-0.6359	-0.4215	0.3826	-0.4749	0.8681	0.6239	-0.999	0.4824	-0.8988	-1.2274	-0.5867
G6PD|G6PD	-0.0381	-0.0366	2.3627	-0.5893	-0.6683	0.1911	-1.0913	2.0255	2.3832	0.2245	-0.359	0.2585	-0.9133	2.0145	-0.3911	-0.3408	-1.1225	0.2349	0.139	-0.3936	0.2065	0.6418	0.2843	-1.563	-0.6243	-0.9009	-1.5898	-0.3233	0.6231	-0.2529	-0.9596	0.7132	-0.1449
GAPDH|GAPDH	0.4891	0.5996	0.0599	1.5449	-0.3341	-0.0233	-0.6301	0.0165	1.1854	1.7425	-0.0083	-0.1432	-0.484	0.8311	0.0794	-1.1356	-1.0219	0.2022	0.1791	0.7606	-0.8911	-0.5068	-1.4846	-1.4272	-0.5114	0.109	-0.3522	2.2121	-0.5962	-0.4006	0.0296	2.1932	-2.2832
GSK3A GSK3B|GSK3_pS9	-0.7799	0.5423	-0.1611	-0.4462	1.5561	-0.5117	0.8069	-0.0707	1.8824	0.12	0.0685	-1.4169	0.4232	-2.3048	1.7833	0.5138	0.2403	-0.6552	-2.4499	-1.5606	0.1049	1.0344	1.0648	0.3997	0.5428	-0.0833	-1.0087	-0.4331	0.6478	-0.5004	0.7389	-0.0069	-0.0808
NRG1|Heregulin	-0.7671	-0.8106	1.8428	-0.4878	-0.3296	0.4662	-0.2433	-0.1521	-0.7751	0.3461	-1.33	-0.7148	-0.1204	2.1455	-1.1109	-0.1694	-1.1568	-0.3709	2.8637	-0.0179	0.464	-0.5841	-0.5017	0.9337	-1.1038	1.6429	0.6179	0.4765	-1.329	-0.0123	-0.2523	-0.4266	0.9676
MYH11|MYH11	-0.2771	-1.1551	1.156	-0.1231	-0.5403	-0.3757	0.2378	-0.5899	-0.1597	0.1722	-1.0096	2.1237	0.0872	2.3486	0.703	-0.9375	-0.4096	1.5744	-1.3939	0.9128	-0.9648	-0.5101	-0.3636	0.5438	-1.4132	-0.047	1.57	-1.081	-0.6844	-0.7328	-0.1364	-0.2949	1.7701
MYH9|Myosin-IIa-pS1943	-0.9881	-1.974	-1.0896	-0.9895	-1.2354	-1.8102	-1.0633	-0.3215	0.8509	0.3614	0.0059	1.8786	-0.4262	1.3261	-0.1932	0.8201	-0.0639	-0.1558	-0.6049	0.8038	0.9089	1.0729	-0.289	0.554	-0.34	0.527	-1.8301	0.1854	-0.4616	0.9671	0.8988	1.0472	1.6285
NRAS|N-Ras	-0.0896	0.3854	0.1979	-0.2453	0.525	0.302	-1.1786	0.6189	3.9674	-0.1965	-0.1865	-0.0437	-0.525	1.4225	-1.3318	-1.5303	-1.1749	0.7351	0.5019	0.2959	-0.4247	-0.1544	-0.2621	0.2562	-0.5149	0.4595	-1.1775	-0.1827	-0.8415	0.0571	-0.6896	-0.5288	1.5537
NDRG1|NDRG1_pT346	-0.4968	2.0673	-0.4529	-0.6433	0.1054	-1.3189	1.1085	2.7491	-0.1263	0.034	-1.043	-0.9235	-0.7931	-1.202	0.5107	-0.0551	-0.1356	0.5095	-1.8429	-0.7012	0.9776	0.2546	0.8451	-0.0413	0.2201	-0.7011	0.0046	1.9196	-0.0302	-0.9911	-0.4591	-0.539	1.1904
CDKN1A|p21	-1.0472	1.0682	-2.15	-0.4243	1.593	-1.0829	-1.2856	-0.428	2.5075	-0.5177	0.8593	0.2122	-0.5127	-0.6642	1.1801	0.3261	0.9428	1.377	-0.5633	-0.855	0.1472	-0.3347	-0.9033	1.0538	0.208	1.3245	-0.6565	0.2105	-0.8294	-0.6675	0.6073	-1.0409	0.3457
CDKN1B|p27_pT198	-1.1658	-0.5306	-0.6412	-0.0511	2.2061	0.3132	-1.1402	-0.494	3.3189	-1.0003	-0.7996	-0.3789	-0.0754	-0.1285	-0.3485	0.2198	0.1845	-1.7672	0.541	1.179	-0.7756	-0.1778	0.5126	1.6852	-0.9453	0.7207	-0.1421	0.199	-1.1177	-0.0411	0.2232	0.1414	0.2764
RPS6KA1|p90RSK	-0.8972	-0.1707	-0.5135	0.6289	-0.2198	1.7726	0.029	0.2247	-3.5684	-0.6702	0.6702	0.7151	-0.9374	1.0235	0.6742	-1.1016	0.1443	-0.1503	0.2227	0.5626	-0.3121	1.5387	0.3228	-1.2925	0.6978	-0.5749	1.3144	-1.395	0.7979	-0.0598	0.8225	-0.0354	-0.2628
PDCD4|PDCD4	-1.0378	0.7745	-0.8248	-0.26	2.0499	-0.9651	0.3129	-0.1029	-2.277	-0.5809	0.7721	-0.435	-0.8001	-1.3301	0.6428	1.0232	0.7077	0.147	-1.5297	-0.125	1.2046	1.5743	1.5797	-0.9496	-0.0525	0.0692	-1.5561	0.1357	0.949	-0.4342	0.5225	1.0404	-0.2446
PDK1|PDK1	-0.9332	-1.8241	1.4175	-0.1571	-0.8015	0.6581	-1.4293	0.6119	1.5657	-0.5215	-1.0102	0.0548	1.8374	-1.2534	1.2685	-0.1608	0.0223	2.085	-0.5449	-0.3832	-0.9867	0.2344	-0.9884	-1.023	1.0806	-0.037	-0.0926	-0.4366	0.4686	-0.3425	0.5854	1.6401	-0.6043
PEA15|PEA15_pS116	-0.1156	-1.1344	-1.0763	0.4313	-0.0873	0.2395	-0.1162	1.2888	-0.6211	-0.705	-0.504	0.0277	-0.0912	0.256	-0.279	0.1244	1.6671	-0.4566	-0.2536	-0.7226	-0.861	-0.0114	-0.8427	-0.0432	-0.7563	-0.7202	-0.1578	1.61	-0.3129	-0.5871	0.3803	4.2368	0.1935
PIK3R1 PIK3R2|PI3K-p85	0.6707	-1.093	1.693	0.3267	-0.192	2.196	-0.5079	1.3888	-1.1485	-0.0461	-1.3195	0.1081	1.3997	0.0427	0.1987	-0.1254	-1.4921	0.4585	-1.3139	-0.6818	-0.6849	0.438	-0.6657	-1.352	-0.6715	-0.2811	0.4093	-0.3873	1.0474	-0.5001	0.7307	2.2649	-0.9104
PRKCB|PKC-pan_BetaII_pS660	0.6835	-0.1427	-0.612	-0.8866	1.3996	-0.2132	0.7291	0.4143	-1.6186	-0.0102	0.8248	-0.1367	0.4696	-2.0739	1.2422	1.0188	0.244	0.8874	-1.5527	-0.7042	-0.2118	1.428	0.9872	-1.4006	0.1997	-0.4688	-0.7947	-1.3916	1.2999	-0.5006	1.9135	-0.0132	-1.0093
PRDX1|PRDX1	0.844	0.6079	-0.2163	-0.0841	-1.4527	-0.3127	-1.1338	1.9811	2.6285	-0.0232	0.5839	0.8472	0.2518	0.7626	0.3793	-0.3377	-1.1479	1.09	-1.7546	0.1091	-0.1149	-0.1784	0.1565	-1.3307	-0.2623	0.4775	-0.8109	-0.2343	0.2224	-0.8727	-1.0486	1.7915	-1.4175
RAB11A RAB11B|Rab11	-0.7974	0.2498	-0.6937	1.6072	-0.0982	-0.4693	-1.7647	0.7797	2.6131	-0.1316	-1.0628	-0.6409	0.6911	1.5754	-0.325	-0.5079	-1.0275	0.0268	0.5324	-1.0653	-1.051	-0.1467	-0.7124	1.1703	-0.7386	0.2673	-0.3734	-0.2459	-0.2839	-0.5861	0.0929	2.5564	0.5601
RAB25|Rab25	-0.5944	1.4664	2.3613	-0.2479	0.1366	-0.0591	-0.1163	0.0532	-1.4313	-0.8204	-0.6432	0.1214	3.7351	1.1817	-0.5517	1.4123	-0.163	-0.0532	-0.2469	-0.4395	-0.4516	-0.1071	-0.0785	-0.6251	-0.6564	-0.3637	-0.3248	0.219	-0.4244	-0.177	-0.4347	-0.288	-1.3887
RPTOR|Raptor	-0.3073	-1.3364	0.6723	1.4265	0.4228	0.1775	-1.3837	2.1365	-1.0742	0.5022	-0.663	0.463	0.8374	1.2635	-0.493	2.1091	-0.1464	1.6399	0.1573	-0.6504	-0.0978	0.4157	-0.4293	-1.8227	-0.6436	-0.8869	0.361	-0.7575	0.9864	-0.6986	0.1004	-0.9535	-1.3273
RBM15|RBM15	0.0555	-0.6402	-0.246	0.6048	1.4266	1.4193	0.0111	-0.277	-1.9931	0.7753	0.9099	-0.3638	1.0084	-1.4349	-0.6089	-0.1615	0.3824	-1.7945	0.7857	-0.2777	-0.3143	0.1086	-0.1966	-1.5154	-0.077	-0.6997	2.3261	0.1087	0.2632	0.3541	1.1951	0.9056	-2.0397
RICTOR|Rictor	0.1459	-0.3978	-0.2333	-0.3052	-0.3376	-0.7263	-0.0849	0.4069	-1.2727	0.8016	-0.514	3.0191	-0.9192	3.299	-0.222	-0.1427	-1.5436	-0.2846	-0.4665	-0.3105	-0.6368	0.009	0.0192	-0.8431	-0.1532	-0.1823	0.0475	-1.1347	0.241	0.4438	0.7835	-0.0248	1.5194
RICTOR|Rictor_pT1135	-0.1497	-0.3091	-0.1068	-0.006	-0.4138	-0.9729	-0.0622	0.0113	2.4274	-0.364	-0.3874	0.0293	0.3248	0.3549	0.9756	0.861	-0.9961	0.2948	2.2051	-0.3727	-0.1113	-0.0011	-0.1978	2.4269	-1.4826	-1.2603	-0.9208	0.5361	-0.6883	-1.3939	-1.1632	-0.6657	1.5787
SCD1|SCD1	-0.4119	0.5833	-0.5406	0.333	1.9189	0.2441	-0.6842	0.1793	3.909	-0.9457	0.39	-0.2761	-1.0751	0.8864	-0.2006	0.6967	0.0615	0.2855	-0.7046	-0.6323	-0.363	-0.2367	0.1712	-0.0862	-1.1019	1.2362	-1.682	-0.1561	-0.6374	-0.3661	0.5435	-0.1987	-1.1392
SRSF1|SF2	-0.4988	0.5148	-0.5299	0.462	1.3061	-0.0624	-0.6087	-0.4456	4.3021	-1.1304	0.1598	-0.4775	-0.6466	0.1754	0.2712	0.2563	0.3619	0.5576	-0.213	-0.2951	-0.2685	0.1436	-0.6207	0.6427	-0.2915	1.5882	-0.2484	-0.646	-1.195	-0.5631	0.3058	-1.019	-1.2872
WWTR1|TAZ	-0.2638	0.6628	-0.6826	0.1016	-0.8044	0.1368	-0.9867	1.0167	3.265	-0.6573	-1.1579	-0.3015	-0.5404	1.4245	-1.1495	0.2045	-0.7226	0.1949	0.9791	-0.4332	0.0084	-0.2393	-0.4668	1.5054	-1.2967	0.431	-0.2313	0.3381	-1.4831	-0.6392	-0.6227	0.5159	1.8944
TIGAR|TIGAR	0.3923	-1.0582	-0.2834	-0.4106	-1.7928	-0.0771	-0.6017	1.9019	-2.0676	-0.5778	-0.623	0.6603	0.3719	1.1552	-0.672	0.0091	-0.5758	1.9815	0.5144	2.1883	-0.3419	0.1207	-0.921	-0.9453	-0.1033	0.0334	2.0098	0.7686	0.1443	-0.4733	-0.8977	0.2057	-0.0349
TGM2|Transglutaminase	-0.1513	-0.4087	-0.6717	-0.3875	-1.0993	-1.0823	-0.6391	0.553	2.5194	-0.3513	-0.0778	1.0844	-1.0165	2.955	0.6524	-1.5384	-0.8008	0.1905	-0.3503	0.7712	-0.3329	1.1066	-1.0264	-0.5227	0.4913	-0.3423	-0.8146	-0.4132	1.3997	0.207	-0.6749	-0.285	1.0563
TFRC|TFRC	1.2596	0.9363	0.1661	0.2225	-0.7176	0.7886	-1.1402	1.4537	-0.1939	-0.7145	-0.5049	0.5651	0.8544	1.3503	-1.0904	-1.5067	0.6003	1.5402	0.5896	1.7607	-0.3355	-0.9835	-0.1569	-0.2377	-0.4597	0.1358	0.1024	0.1213	0.004	-0.0637	-2.4464	0.3514	-2.2508
TSC1|TSC1	0.2427	0.1096	0.6729	0.1265	-0.089	1.5819	-0.5318	-0.4585	-4.2136	0.8417	0.3172	0.3068	1.4674	0.4084	-0.3184	0.246	-0.2981	0.1715	0.1333	0.9229	-0.9123	0.2854	-0.7147	-1.6707	-0.4723	-0.0365	0.5358	-0.7037	0.6732	0.6328	0.9512	0.3005	-0.5081
TSC2|Tuberin_pT1462	-0.4966	0.4537	-0.2351	-0.0024	2.0532	-0.2292	1.2084	-0.6057	-1.0323	0.5793	0.0414	-1.1822	0.9271	-0.6242	1.3199	1.5016	0.8068	-0.5563	-1.194	-1.558	-1.2663	0.7192	1.0886	-0.9622	0.3751	-0.453	-1.4676	-0.1399	0.3591	-0.8127	2.3476	-0.5858	-0.3775
VHL|VHL	-0.7835	-0.8512	-0.2683	0.9556	1.5352	-0.3801	-0.1011	-0.5508	-1.7867	-1.3321	-0.4249	1.1285	1.408	0.5748	-0.8505	1.2572	0.3357	-0.0081	-0.9956	-0.1654	-0.4602	1.0752	0.8902	-0.7051	2.0959	-0.7506	-1.5714	-0.6224	0.8628	-0.1166	1.9021	-0.5947	-0.702
XBP1|XBP1	-0.5026	-0.2542	0.0884	1.1659	-0.2939	1.3997	0.1452	-1.1885	1.7474	-1.1712	1.1207	-0.0609	2.1582	1.3371	-0.0173	-0.178	0.6158	1.1462	-0.8752	-1.1959	-1.5534	0.0669	-0.8152	0.9573	-1.5437	0.7408	-1.2682	-0.5907	-0.4353	-1.2142	-0.4355	-0.1116	1.0158
TUBA1B|Acetyl-a-Tubulin-Lys40	-0.3685	1.3123	1.067	1.4151	-1.7386	-0.484	-1.4691	-0.3056	-1.297	-0.9685	-1.0085	0.911	0.4188	1.5927	-0.3487	0.1884	-0.6525	-0.0909	-0.336	0.2097	1.087	-0.6536	-0.0498	0.183	-0.5755	-0.1871	1.9384	0.5447	-0.8085	0.4245	0.2444	-2.045	1.8505
SQSTM1|p62-LCK-ligand	1.8978	1.0086	0.8357	-0.4342	-0.2824	0.9703	-0.5527	1.1194	-0.8924	-0.078	0.3885	0.4061	1.0176	-1.4333	-1.0582	-1.6252	0.6494	0.5856	0.4841	1.5233	-0.5623	-1.2643	-0.5963	-1.3472	-1.3367	-0.2398	-0.3465	0.2046	0.229	1.254	-0.6995	1.7313	-1.5565
YWHAB|14-3-3_beta	0.2492	-0.8973	1.7479	-0.3901	0.2862	0.7832	-0.7044	0.5442	1.7212	-0.5783	-0.3543	0.0518	0.5896	1.8968	0.7996	0.3958	-1.0489	0.3146	-1.1192	-0.2407	-1.0367	0.8024	-0.3752	0.1483	-2.2347	-0.0658	-1.4874	-1.2265	-0.615	-1.2825	0.782	0.8881	1.6558
YWHAZ|14-3-3_zeta	-0.3612	-1.6703	1.1658	-0.1969	-0.2375	0.0885	-1.1538	0.0066	1.6793	1.0269	-0.5964	0.5811	-0.1141	0.6302	1.0893	-0.6254	-1.6904	0.8202	-0.5846	0.7611	-1.2406	1.282	-0.7412	0.266	-1.0837	0.9474	-1.3362	-1.5796	0.6945	0.5126	1.2301	1.5887	-1.1584
ACVRL1|ACVRL1	-0.6961	-0.1094	-0.4727	-0.5262	-0.4138	-0.1337	-1.5931	0.8664	2.3587	-0.2998	-0.7678	1.2952	-2.229	1.9983	-0.4686	0.9938	-1.067	0.3397	1.5078	-0.4731	1.1524	0.1138	0.321	0.1084	-0.5347	0.3289	-0.8502	-0.7254	0.8328	0.5164	-1.0812	-0.9869	0.6949
DIRAS3|DIRAS3	-0.8567	-0.5029	-0.1555	0.2746	1.0499	-0.25	-0.5737	0.8761	-0.0393	-1.1004	-0.3663	0.4942	-0.7024	1.7688	-0.6644	3.5426	-0.2458	0.9315	-0.236	-0.703	-0.1961	0.4912	1.3193	0.9089	-1.7034	0.3112	-1.0205	-0.4788	0.096	-0.6413	-0.0454	-1.5593	-0.0231
ANXA1|Annexin-1	-1.1388	-0.5593	-0.4607	-0.1072	-0.918	-0.7986	0.6944	0.2765	-1.489	-0.7571	0.5233	1.8761	-1.2791	1.485	-1.4475	0.892	-0.0033	1.3992	-0.1751	0.1841	1.2113	-0.5352	-0.2264	-0.2191	-0.9815	-0.1151	-0.2053	-0.6312	1.0735	1.166	-0.2714	-1.0687	2.606
PREX1|PREX1	-0.1579	-1.8889	1.6917	-0.8578	-1.4957	-0.6214	0.2858	1.7151	-1.1797	-0.2003	-0.2107	0.8952	-0.3063	0.0679	0.678	-1.0876	-0.5391	1.9624	-0.8099	-0.1598	0.444	1.5841	0.285	-1.9104	0.8559	-0.0591	0.0911	-0.1032	1.7513	-0.7784	0.5168	-0.4331	-0.0251
ERCC1|ERCC1	1.2287	-0.614	0.4307	-0.2037	1.0643	-0.465	-1.1319	0.5548	-2.4325	-0.5449	-0.853	-0.3249	1.1916	-1.8642	-0.0704	0.5868	-0.399	-2.5095	0.5414	-0.0896	1.0382	0.7831	-0.2032	-0.8753	1.41	0.3596	0.3449	0.4637	0.6154	1.2943	0.6015	0.911	-0.8389
MSH2|MSH2	1.2075	1.6438	0.2338	1.6522	1.6453	0.8425	-0.4306	-0.2503	-2.3099	-1.032	0.4892	0.0191	0.7008	0.7486	-1.3081	1.0123	-0.1424	-0.5566	0.4298	0.4288	-0.2349	-0.1	-0.7235	-1.0507	-0.4492	0.2814	0.9255	-0.4107	-0.7766	0.6477	0.3645	-1.044	-2.4535
MSH6|MSH6	1.712	1.6992	-0.1173	1.4128	0.6602	0.7955	-0.3155	0.3743	-1.843	-0.2734	0.0554	-0.8169	0.81	-0.6787	-1.5539	-0.2043	-0.0891	-1.459	0.2379	0.729	-1.0374	-0.9922	-0.8678	-0.2539	-0.3816	-0.1885	1.0973	0.9678	-0.9431	0.8354	0.9804	1.4995	-1.8515
DIABLO|Smac	0.8113	1.3299	1.5867	0.2125	1.0349	0.1583	-1.0094	0.1506	1.0055	0.0183	-0.6733	-0.6203	-0.0081	-0.6774	0.0403	1.3497	-0.5492	0.7665	-2.2553	-0.6144	-0.2286	0.2452	-0.7781	0.5999	-0.4856	0.6759	-0.4266	0.2261	-0.1478	-0.3565	0.4887	1.4368	-3.3065
ADAR|ADAR1	0.4871	0.241	0.1185	1.0184	2.5631	1.3093	-0.9164	1.2132	0.0744	-0.4056	0.5675	0.1685	0.4595	-0.6029	-0.905	-1.7367	-0.6315	-1.0813	1.0451	0.4525	-0.0996	0.0661	-0.8139	-1.3738	-1.2936	-0.2924	0.2877	-0.7322	0.3558	1.3322	0.7738	0.669	-2.3182
CTNNA1|alpha-Catenin	-0.7074	0.1038	-0.5794	0.1945	0.9729	-0.2391	-0.2089	-0.1892	4.0869	-1.1802	0.3926	0.0106	-0.8518	1.0645	0.083	0.6631	-0.4223	0.8799	-1.0303	0.0041	-0.3041	0.0361	-0.3265	1.5651	-0.9314	0.9736	-1.1299	-0.3452	-1.0542	0.0466	0.1174	-0.9867	-0.7079
NKX2-1|TTF1	-0.0453	0.3565	1.1815	1.7565	-0.8071	1.5322	1.426	-0.863	-1.1503	-1.6314	0.8484	0.5176	-0.8344	0.6833	-1.9078	0.049	0.3245	-0.6309	1.5542	-0.4571	0.0108	-0.5024	-0.6348	-0.1354	0.2965	0.4174	1.3669	0.4056	-1.5283	1.0152	-0.7558	-1.6619	-0.1962
CASP3|Caspase-3	NA	NA	NA	NA	NA	NA	NA	NA	NA	NA	NA	NA	NA	NA	NA	NA	NA	NA	NA	NA	NA	NA	NA	NA	NA	NA	NA	NA	NA	NA	NA	NA	NA
CASP9|Caspase-9	NA	NA	NA	NA	NA	NA	NA	NA	NA	NA	NA	NA	NA	NA	NA	NA	NA	NA	NA	NA	NA	NA	NA	NA	NA	NA	NA	NA	NA	NA	NA	NA	NA
PARP1|PARP1	-0.209	0.7786	0.4299	0.3966	-0.0867	1.282	-0.1625	-0.2309	-2.3938	0.4518	-0.2772	-0.4865	1.6571	0.93	0.3015	0.3737	-1.3857	-0.0788	-0.3098	0.0538	-1.1725	0.8643	0.2518	-0.5592	-0.9194	0.8315	2.2612	0.2045	-0.6226	-0.1938	1.0742	-0.3589	-2.6954
COPS5|JAB1	-0.9313	-0.2752	0.0071	0.0632	1.219	-0.2134	-0.7609	0.4795	1.3774	-1.736	-0.6408	0.6534	-1.1842	1.6447	-0.5032	3.4429	-0.3746	0.5841	-0.9928	0.1524	-0.6638	0.1245	1.3307	-0.5315	-0.6114	0.6214	-1.1985	-0.1961	0.5335	0.0228	0.0982	-0.6418	-0.8993