Composite.Element.REF	TCGA-FF-8041-01	TCGA-FF-8042-01	TCGA-FF-8043-01	TCGA-FF-8046-01	TCGA-FF-8047-01	TCGA-FF-8061-01	TCGA-FF-8062-01	TCGA-G8-6325-01	TCGA-G8-6326-01	TCGA-G8-6906-01	TCGA-G8-6914-01	TCGA-FA-8693-01	TCGA-FM-8000-01	TCGA-FA-A82F-01	TCGA-FA-A86F-01	TCGA-FA-A7Q1-01	TCGA-FF-A7CW-01	TCGA-FA-A4BB-01	TCGA-FA-A7DS-01	TCGA-FA-A4XK-01	TCGA-RQ-A68N-01	TCGA-FA-A6HN-01	TCGA-FA-A6HO-01	TCGA-RQ-A6JB-01	TCGA-FF-A7CR-01	TCGA-FF-A7CX-01	TCGA-VB-A8QN-01	TCGA-GS-A9TT-01	TCGA-GS-A9TV-01	TCGA-GS-A9TW-01	TCGA-GS-A9TX-01	TCGA-GS-A9TZ-01	TCGA-GS-A9U4-01
YWHAE|14-3-3_epsilon	-0.663146287	-0.666293948	-0.747112848	-0.869316941	-0.900591564	-0.751252855	-0.764088325	-0.247278919	-0.152785896	-0.771249175	-0.738971042	-0.569187924	-0.894378189	-0.507338766	-0.691746109	-0.711436642	-0.704894822	-0.403565556	-0.879104268	-0.715655727	-0.706744345	-0.707598638	-0.796495407	-0.729753218	-0.538787584	-0.539370408	-0.99243538	-0.703292837	-0.583244379	-0.84251463	-0.903825766	-0.839705044	-0.791793383
EIF4EBP1|4E-BP1	0.574324141	1.242172843	0.759963442	0.601619766	0.431877912	0.772700789	0.106809918	0.458463895	1.410486439	0.649133311	0.842592542	0.515429442	0.18461664	0.113272827	0.205823808	0.223866715	0.32047088	0.389118195	0.75695664	0.280663456	0.501219739	0.2618893	0.213551402	0.723007734	0.495336744	0.806031097	0.769720404	0.842862422	0.395405352	0.397826877	0.35990555	0.647771057	0.355706736
EIF4EBP1|4E-BP1_pS65	0.630869701	0.730379031	0.194895712	0.147132306	0.605922192	0.486338331	0.340309992	0.7053082	1.714083676	0.656019063	0.417145033	0.44333951	0.579151567	0.478274811	0.559376808	0.321181507	0.247951459	0.394758622	0.680873366	0.360722776	0.700619676	0.764848296	0.476060695	0.734673522	0.78786718	0.59625474	0.629578837	0.510080507	0.59743267	0.689213549	0.731147042	0.815379711	0.236321747
EIF4EBP1|4E-BP1_pT37T46	0.183928846	1.877010397	0.486053227	0.156874368	1.644485212	-0.221095957	1.323088949	0.025196011	2.040907676	0.694025132	1.046518108	0.420742575	0.85986855	-0.967299258	1.425345917	0.794617749	1.294435595	0.354689088	-1.184560265	0.126617539	1.577756392	1.368371507	1.732282279	1.640649001	1.23684367	0.480551908	0.240870568	0.870542541	1.346272323	0.59314481	1.450956918	1.028570168	0.490099434
TP53BP1|53BP1	1.705084069	2.417514317	1.287271077	1.90853455	2.2553052	2.194652157	1.750854911	1.72585103	1.636137402	2.473344513	1.99074337	1.422903766	2.274859601	1.220538241	1.733869151	2.095864527	1.969271972	1.202245742	1.743216247	1.572968308	1.518513036	1.640745622	1.543161228	1.772951099	1.712210276	2.343087515	2.114117696	1.648418823	1.393930133	1.361799019	2.223206757	1.977504169	1.255156872
ACACA ACACB|ACC_pS79	-0.997385396	-0.105433806	0.18452109	0.191155983	-0.022960786	-0.289168582	-0.259381496	-0.161172769	-3.137251722	-0.521379097	-0.222563099	-0.6803571	-0.517163462	-0.454114962	-0.691781427	-0.119105341	-0.564670667	-0.106574704	-1.236383249	-0.333455425	-0.58108474	-0.390196702	-0.262397405	-1.351358347	-0.22630844	-0.69733013	-0.070195267	-1.14749926	-0.553015011	-0.780109288	-0.365793823	-1.124010923	-0.358995414
ACACA|ACC1	0.835933747	1.623793074	1.966119803	2.209993744	1.678986856	1.808489855	1.437499042	1.578425906	-0.753498798	1.430303001	1.568481347	1.452460961	1.272851443	2.657857472	0.842114637	1.545931113	1.104054857	1.82430513	1.405674918	1.983367967	1.364192732	1.145704489	1.216056265	0.465289232	1.436242583	1.287834183	1.781496302	1.055893501	1.32669691	1.275585379	1.234496113	0.62960015	1.043399275
AKT1 AKT2 AKT3|Akt	0.545933308	0.256066787	0.694699125	0.533581337	0.780880405	0.761679866	0.765701075	1.090314795	0.599332922	1.18843731	0.757620306	1.314313457	0.988460518	0.874215087	0.931194236	1.380681479	0.772546314	1.191473352	0.817487472	1.072119957	0.937391436	1.091514312	0.826595395	0.56144983	0.852395224	0.527539035	1.074807513	0.246471772	1.262802466	0.68934431	1.065096139	0.405483565	0.977083631
AKT1 AKT2 AKT3|Akt_pS473	-1.97424116	-1.132605464	-0.740558017	-1.030732508	-0.535885546	-1.840235418	-0.415305572	-1.247713243	-0.818832577	-0.752311944	-1.237941161	-1.666260741	-1.651834961	-1.756535462	0.976224439	-0.089899886	-0.955765983	-0.627032329	-2.056151452	-1.638550203	-0.762630993	-0.545365412	-0.436315046	-0.802692934	-1.142345711	-1.504342377	-1.973786362	-1.51703446	-0.801085674	-1.307993615	-0.324787114	-1.623885291	-0.647322988
AKT1 AKT2 AKT3|Akt_pT308	-0.859859817	-0.384999484	-0.31459726	-0.37041112	-0.122888293	-0.896393688	-0.01842573	-0.642308062	0.545659397	-0.536735745	-0.689014247	-0.64568525	-0.35309359	-0.632205143	1.108274344	-0.204257692	-0.376628803	-0.133526414	-0.644652748	-0.670048546	-0.431305407	-0.167611114	-0.162993149	0.138031157	-0.493637277	-0.537637804	-0.683240522	-0.708321633	-0.291364698	-0.671744239	0.086952212	-0.668604227	0.128995297
PRKAA1|AMPK_alpha	0.680334445	0.630480013	0.894412903	0.619809015	0.751863444	0.807296006	0.576260495	0.913515149	0.65823473	0.619896381	0.464217417	0.575617425	0.942792323	0.963287502	0.92895449	0.865235183	0.388611687	0.809564063	0.674650741	0.796719761	0.626291704	0.87098304	0.397380374	0.906731778	0.605235732	0.837730523	0.870043383	0.421318807	0.644623474	0.735360791	0.749374855	0.830305574	0.630666263
PRKAA1|AMPK_pT172	2.755737265	2.363820533	3.056105925	2.539550826	2.541832071	2.896986037	2.424108317	2.977460489	2.417441623	2.601095015	2.390162355	2.593024111	3.17709453	2.290515431	2.573354824	2.915675628	2.101066319	2.950359517	2.559229991	3.008035926	2.491136933	2.978345566	2.109588794	2.174918069	2.529413169	2.441983016	3.050705095	2.355056242	2.850695162	3.065142987	2.764740172	3.220642204	2.900560666
AR|AR	-0.021035536	-0.249268583	-1.049255229	0.058725544	-0.113946495	-0.116981729	-0.260997476	-0.362267906	-0.028715519	0.040467948	-0.018768155	-0.746693128	-0.225520238	-0.825523774	-0.827104008	-0.94684439	-0.506542083	-1.034863535	-0.013769455	-0.661739231	-0.363220554	-0.258504172	-0.648174807	-0.256161525	-0.414649358	-0.042199831	-1.05900246	0.252228595	-0.446391787	-0.326511269	-0.227013907	-0.439220272	-1.573050634
ASNS|ASNS	0.359797412	0.501018565	0.464562256	1.021799487	-0.163393442	-0.125603506	0.256001113	-0.111384162	-1.033026694	0.017452464	0.351277812	-0.212360639	0.764210443	0.667686504	-0.498393014	-0.088415297	0.044181359	-0.01384364	-0.056576235	1.21403449	0.534061064	-0.194672462	-0.197938535	-0.62837518	0.191135758	0.430100604	0.723204943	0.271550357	-0.814080721	0.194934825	-0.235837527	-0.028676114	-0.761380243
ATM|ATM	3.489482162	4.453595618	3.353526791	3.713438595	3.874331306	3.607731951	3.752974773	3.272116249	3.140204338	3.872742643	3.140461569	3.770171704	4.09846987	3.626808168	4.179783562	3.684102839	3.548813163	3.542740317	4.042301493	4.007655841	3.907973986	4.045665004	4.121231072	3.337541389	3.622705816	4.066221405	2.848432797	1.713654768	3.419356919	2.989237554	4.513059422	2.181604688	2.832595626
BAK1|Bak	1.380326965	1.415118447	1.306096887	1.22398418	1.179479404	1.642650129	1.180141879	1.436580974	2.514708172	1.41638919	1.223438156	1.302376869	1.216444047	1.625637728	1.315928699	1.914458294	1.390195485	1.730499235	1.815152221	1.569877472	1.28622739	1.741052168	1.478241561	1.690592305	1.075274881	1.438216861	1.05099617	1.24934081	1.202120396	1.210068328	1.199265688	1.376080223	1.476320321
BAX|Bax	1.62222058	1.847236043	1.265286597	1.313016632	1.477200052	2.259174906	1.272135681	2.06070156	2.623363773	1.7324293	1.185272962	1.559652703	1.758373356	1.565647662	1.890353228	1.388763714	1.574742776	1.912849159	1.562516261	1.67201064	1.47789905	1.891696143	1.283406368	1.902160379	1.406052345	1.577002757	1.716116245	1.521334716	1.608196252	1.711787923	1.576613696	2.035345253	1.519136649
BCL2|Bcl-2	-0.848940087	1.34461441	-0.530777348	-0.962373486	1.309346908	0.062378446	-0.661032789	-0.900473245	-0.994881903	0.587336662	-1.020074102	-0.736112108	1.438994786	-0.309295393	-0.066332832	0.007414465	0.609621317	-0.350922338	0.771895496	-1.56980738	-0.721124233	0.545492226	0.972479957	-0.887968396	0.135943057	-0.096122829	-1.371667144	0.488339282	-0.322204933	-0.478700037	-0.025308463	-0.282947136	-0.940660148
BCL2L1|Bcl-xL	-0.284150696	-0.551313409	0.046388496	-0.220922033	-0.462909742	-0.156135263	-0.37850954	-0.28849378	-0.07339338	-0.361669944	-0.228346728	-0.149995664	-0.15522065	-0.082051642	-0.446575774	-0.23953109	-0.228837377	0.048864507	-0.285068977	-0.345833819	-0.436244518	-0.455735975	-0.575789742	0.235868931	-0.784330732	-0.135037664	-0.10499573	-0.144195151	-0.302455704	-0.304631123	-0.229173428	0.191865452	-0.169332943
BECN1|Beclin	-0.486962573	-0.58334532	-0.296685228	-0.451016562	-0.437191573	-0.290015951	-0.534445285	-0.482484045	-0.142436449	-0.729182436	-0.378313673	-0.297611092	-0.047133865	-0.175903453	-0.337930794	-0.491714786	-0.520467293	-0.140621017	-0.682215545	-0.484060918	-0.661220812	-0.312335336	-0.56297373	-0.302623032	-0.762789608	-0.359090481	-0.678845638	-0.696824813	-0.332714534	-0.530505891	-0.387571978	-0.466463756	-0.361028973
CTNNB1|beta-Catenin	-0.009591843	-0.346327165	0.120038595	0.350446151	-0.571645137	-0.154305133	1.127263639	-0.473942228	-0.383689513	-0.084108384	0.246949388	0.481750247	-0.237672802	-0.801800713	0.714991358	0.747003351	0.191221687	-0.309534642	-0.920052361	0.471739186	0.414178283	0.035453167	-0.145547694	0.332304228	-0.725673935	0.208233149	-0.081007453	-0.141126977	0.026574236	0.1330122	0.027684901	-0.278131807	0.188585128
BID|Bid	0.422574185	0.29154642	0.337405124	0.499451188	0.345366185	0.565759882	0.39374561	0.642302134	0.82850551	0.458315544	0.277906638	0.395728836	0.557204044	0.659612066	0.445450766	0.612856186	0.498158297	0.702345275	0.780062307	0.367235771	0.36283016	0.372064276	0.339769253	0.786105858	0.313073568	0.533068338	0.644198785	0.604200819	0.295697434	0.358048191	0.305596769	0.487521938	0.791816308
BCL2L11|Bim	0.94190726	0.737419479	2.572237153	1.23448856	1.339946662	2.400657284	0.270671753	1.255923693	1.228546574	0.661760567	0.357919752	0.666011117	2.579602005	2.13989145	0.509017096	0.592113984	1.557177605	0.229140586	1.61830954	-0.045824388	0.391444453	0.973966147	1.291631765	0.187700991	1.267076764	0.715616712	0.322101149	1.808541257	1.25978682	1.39967719	0.987467023	1.485705527	0.1291365
JUN|c-Jun_pS73	-0.820887044	-0.735858211	-0.647362162	-0.700382311	-0.573538448	-0.686582571	-0.702869063	-0.614330654	-0.776828112	-0.876992464	-0.74902925	-0.825610423	-1.04936731	-0.960820427	-0.762013116	-0.345438799	-0.721607664	-0.879719013	-0.960417679	-0.925750387	-0.588775534	-0.631553236	-0.571242932	-0.549465845	-0.776970112	-0.754863917	-0.772351966	-0.581408282	-0.825042576	-0.554745272	-0.63392628	-0.68414905	-0.71266093
KIT|c-Kit	0.055315277	-0.386462104	-0.470633973	-0.093285876	-0.360422844	-0.302310889	-0.113546471	-0.321804827	0.042749422	-0.243614914	-0.281018404	-0.369623707	-0.642512282	-0.278882593	-0.097079524	-0.381108501	-0.372286267	-0.289094782	-0.070718061	-0.436686179	-0.349202507	-0.168484396	-0.396069417	-0.104589263	-0.219148713	-0.203530246	-0.399558313	-0.03330721	-0.343026778	-0.221369743	-0.311393656	-0.268987207	-0.290236736
MET|c-Met_pY1235	0.597067129	0.471780554	0.337153903	0.582933501	0.510969252	0.598458915	0.422337731	0.536868879	0.732144495	0.570125943	0.464307181	0.529211442	0.51710281	0.644277374	0.356052898	0.427669996	0.423425229	0.496689671	0.790852995	0.43579976	0.523162673	0.477259341	0.453608886	0.696958237	0.508471763	0.637018324	0.31606609	0.616465919	0.40507635	0.499170083	0.500729457	0.415493441	0.424764794
MYC|c-Myc	0.177677302	0.461844336	3.087554537	0.72564146	1.545690918	0.307564673	0.022127052	0.257655781	-0.416376302	-0.220925752	0.385409875	-0.549770998	0.121993282	0.366100722	-0.359985781	0.893761476	0.101284613	-0.234631107	0.79881064	-0.065384191	0.14263029	-0.234226575	0.265831511	0.178624859	0.484457333	0.40224712	-0.001806383	0.980531079	-0.031218835	0.337575084	0.725800825	-0.306976959	0.137002128
RAF1|C-Raf	1.458040298	1.137440185	1.274513888	1.377796812	1.456601171	1.563848121	1.147106462	1.644907002	0.724756815	1.40195278	1.33910202	1.437148839	1.469748044	0.886658167	1.160331541	0.980552054	1.31730268	1.200686312	1.644767498	1.48948354	1.172993919	1.544237798	1.250720982	1.048697987	1.438033251	1.128077765	1.531132288	1.216383571	1.310754358	1.279706188	1.806578734	1.29032973	1.001017282
RAF1|C-Raf_pS338	0.292475847	0.435639403	0.249908181	0.281879485	0.370741261	0.293396996	0.23691307	0.296505208	0.151387103	0.241564492	0.217914555	0.224005824	0.191266944	0.369402801	0.288093377	0.27709621	0.088518644	0.090596843	0.518416976	0.200463168	0.26206009	0.196058538	0.256148552	0.528810231	0.114635544	-0.001301132	-0.08204089	0.220759729	0.131206945	0.150590562	0.013233604	0.066578344	0.301805748
CASP7|Caspase-7_cleavedD198	1.792649766	1.82270095	0.738221962	1.818090224	1.856954682	1.183974472	1.008897517	2.074351507	3.118129908	2.435969085	2.070620911	2.527160917	-0.38892679	3.176794434	2.238684823	-0.693619465	1.989735478	1.949236457	2.947102874	2.341029497	2.470884146	2.725496712	2.523814343	2.051959102	2.57425408	1.547129336	2.157350501	1.368076135	2.820215808	2.858590414	1.091740246	3.023683763	2.876319942
CAV1|Caveolin-1	0.534109238	0.884533527	1.89188316	2.222842779	0.594180293	1.20452572	0.578788107	0.431222227	2.331943053	0.773581145	1.535111209	1.439669982	0.516698981	1.832115465	1.816487465	1.470231315	1.440442679	1.272779021	1.123470446	1.454716825	0.621211092	0.148895971	0.378853862	2.23549417	0.590975165	1.796863207	1.175758867	0.851246436	0.853864826	0.620720804	0.356713653	0.97614523	1.839674096
PECAM1|CD31	-1.383517104	-1.503979884	-1.154010261	-1.096628186	-1.306802668	-1.431821452	-1.500581778	-1.391593464	-1.079689103	-1.627990872	-1.474326882	-1.294709206	-1.634371351	-1.115921679	-1.420670693	-1.223309532	-1.452165382	-1.405297603	-1.518689761	-1.582077726	-1.406529815	-1.444775996	-1.318709805	-1.285337185	-1.478311126	-1.323439293	-1.524989863	-1.543034439	-1.182233837	-1.471897865	-1.445333736	-1.195975053	-1.297323371
ITGA2|CD49b	-1.388801603	-1.4500727	-1.170374466	-1.191285571	-1.307736433	-1.531557423	-1.373826277	-1.362723994	-1.639492261	-1.472683904	-1.41155829	-1.3419905	-1.600469675	-0.969255082	-1.471223642	-1.024263532	-1.534277921	-1.420380702	-1.304038391	-1.330446218	-0.996994412	-1.44620646	-1.349769117	-1.537611762	-1.305154182	-1.40347858	-1.644802165	-1.24038573	-1.438142265	-0.903162694	-1.487672866	-1.536095703	-1.780564109
CDK1|CDK1	0.096544355	0.284230748	0.479718214	0.309976395	0.241899097	0.807540631	0.39496226	0.141243914	0.008548979	-0.118495414	0.238938223	0.237187681	0.497128981	0.292694303	0.426704671	0.314579835	0.145556457	0.507664345	0.223077786	0.035077157	0.115599494	0.247410353	0.13504581	0.196548053	0.263115325	0.232816351	0.485852033	0.236709921	-0.040170085	0.404831565	0.174055083	-0.000581628	0.21754287
CHEK1|Chk1	-0.128667998	-0.060715322	-0.207947254	-0.030597957	-0.224231282	-0.057977536	-0.30232307	-0.404755801	-0.533531159	-0.456574946	-0.227049721	-0.221512173	-0.29314364	-0.229974307	-0.504229276	-0.392884286	-0.266913604	-0.52004477	0.01733318	-0.220528223	-0.134013422	-0.394674133	-0.49228226	-0.322659491	-0.193634338	-0.108313415	0.26408245	-0.185302027	-0.423547421	-0.04487029	-0.396707429	-0.252530441	-0.405753153
CHEK1|Chk1_pS345	-0.092289043	-0.10688301	-0.04441818	0.099518976	0.518549708	0.171077553	0.094720283	-0.205861318	-1.518425241	-0.068386971	-0.003048997	-0.450896154	-0.248795795	-0.259244394	-0.148310317	0.436438355	-0.182288602	-0.565060093	-0.50036058	-0.621283527	-0.250419107	0.13104596	0.074040963	-0.5236687	-0.052397432	-0.326589822	-0.031158433	-0.249716916	-0.021041615	-0.276867853	0.317058997	0.997370324	-0.507927579
CHEK2|Chk2	0.451771459	0.75666193	0.856538585	0.59255836	0.670985043	-0.147293488	-0.487557004	0.185684364	0.428765378	0.266166601	0.277088204	-0.05238201	0.555966022	0.609471976	-0.070943955	0.232972034	-0.386601697	0.101183418	0.519555086	-0.111927464	-0.020814544	0.019005128	-0.218209531	0.121284524	-0.039689069	0.170397316	0.192184749	-0.231851236	-0.286326193	-0.412295699	-0.167930381	-0.468311365	-1.14474071
CHEK2|Chk2_pT68	-0.090820349	0.015958604	-0.335867004	0.380221386	-0.265930112	-0.307293313	0.480455092	-0.314541141	-0.750992049	-0.329139214	-0.30730202	-0.441917978	-0.257938284	-0.129134718	-0.329998949	0.155678139	-0.443159907	-0.403341096	-0.048702009	-0.384802765	-0.242981032	-0.492940985	-0.599797469	-0.033506829	-0.434335563	-0.403415951	-0.395658307	-0.527190735	-0.59573754	-0.466458059	-0.627386664	-0.512741026	-0.377603747
BIRC2 |cIAP	1.107598835	0.575422433	1.494929145	0.930275544	1.033817738	2.08541882	0.636817807	1.034586193	0.514857798	0.843527698	0.56763866	0.616577083	1.132698195	1.201210822	0.521758193	0.830866889	0.634256668	0.932428174	0.674061929	0.810593534	0.503488349	1.474303773	0.566950381	0.593460374	0.914966933	0.464403654	1.052395965	0.843076762	0.554397278	0.499369088	1.153207656	1.266320318	0.295651392
CLDN7|Claudin-7	0.070564808	-0.222405117	-0.258808043	-0.118328825	-0.271769438	-0.064264401	-0.299280935	0.147185287	-0.525959424	-0.259775645	-0.318254935	-0.372159406	0.071409904	-0.191399329	-0.204269942	-0.015709664	-0.337340307	-0.359445985	-0.426181024	0.140184499	-0.474596858	0.275434895	-0.265074774	-0.26006601	-0.381108964	0.128357579	-0.44784908	-0.26929346	-0.253801701	-0.237627513	-0.128076568	-0.003858776	-0.752303469
COL6A1|Collagen_VI	-0.436998712	-0.32977017	-0.111925674	-0.10191462	-0.185742749	-0.058216656	-0.301687698	-0.169680903	0.746452644	-0.421491923	-0.154089376	-0.13705479	0.16023474	0.307928549	-0.21685445	0.073643481	-0.007760198	-0.166175468	0.450216084	-0.257369508	-0.353862065	-0.241651315	-0.447204692	0.256178984	-0.268427001	-0.049771612	-0.167598276	-0.135503756	-0.276687712	-0.109905333	-0.295324278	-0.051542953	0.44329137
CCNB1|Cyclin_B1	2.3393568	2.935188137	3.649320914	2.807954488	2.094755034	4.886751161	1.692476051	1.962982154	0.47039083	1.630954945	2.495550625	1.93465589	1.717863515	2.798258207	0.619387989	2.268015154	2.51218314	1.452267402	3.588996577	1.939644769	2.406050054	1.453981409	1.085059051	1.535986345	2.45161806	2.304293679	2.981510737	3.330150047	1.074850677	3.395105258	1.111900346	1.661951703	0.906960806
CCND1|Cyclin_D1	-0.256704748	-0.0847998	-0.251680934	-0.199585082	-0.161130178	-0.295958595	-0.311534074	-0.168784296	0.321628237	-0.314314046	-0.223411846	-0.252977211	-0.253205124	-0.123691542	-0.066165554	-0.126085221	-0.050685547	-0.010730163	-0.042995428	-0.113100825	-0.252159115	-0.229452202	-0.203512285	0.141881691	-0.240345793	-0.004688683	-0.167419468	0.016718998	-0.25936122	-0.258020268	-0.155696099	0.024501143	0.145093092
CCNE1|Cyclin_E1	-0.175635677	-0.311273704	-0.324245669	-0.48078742	-0.333552304	-1.003825111	-0.934387424	-0.633138064	-0.732809995	-0.695188709	-0.569345154	-0.499047312	-0.736110979	-0.294038443	-0.75286135	-0.195089763	-0.160897793	-0.152820536	-0.512530023	1.013794342	-0.664231056	-0.112929524	-0.542679688	-0.868664642	-0.495526293	-0.305708922	-0.376736759	-0.894457549	-0.713207135	-0.238182834	-0.482330323	-0.56752185	-0.928164981
PARK7|DJ-1	0.523925079	0.495104459	0.643304507	0.764494466	0.672302876	0.734648366	0.503712512	0.681904698	1.459162096	0.556647249	0.380087495	0.845858615	0.328246777	1.041851883	1.122163617	0.731455838	0.44446683	1.130367022	0.415168823	0.677895058	0.382288607	0.895747193	0.471745367	0.807702002	0.474535955	0.86337902	0.836143727	0.462335482	0.638697308	0.532831079	0.700325675	0.625057716	0.448306563
DVL3|Dvl3	0.245798806	0.044346075	0.155725648	0.017896139	0.272410273	0.251485367	0.182447435	0.014331914	-0.917470364	-0.189543717	0.121326031	0.254119675	0.246732827	0.391160306	0.130943127	0.398892999	0.171074855	0.248643346	0.089540604	0.465767816	0.068350196	0.249438106	0.285257489	0.014515911	0.065102445	0.181315554	0.27493109	0.091015934	0.028566347	0.489071387	0.183753176	0.200198184	0.521155172
CDH1|E-Cadherin	-2.630968897	-2.397045363	-2.314403973	-2.194043214	-2.111469005	-2.553647008	0.072811185	-2.319043953	-2.237860608	-2.555060108	-2.321740216	-0.649747069	-2.588903736	-2.109137348	-1.841692549	-1.997390348	-2.450770397	-2.115465479	-2.439766451	-2.340517091	-2.291214102	-1.94257175	-1.724746479	-2.366715699	-2.56958335	-2.607510783	-1.778892526	-2.487170229	-1.876378711	-2.33858431	-1.795602295	-2.628071453	-2.22152565
EEF2|eEF2	1.120336474	0.987182301	1.217394534	2.57623861	1.140985744	1.452977606	0.88487148	1.48048806	1.331741209	1.151817962	1.058918457	1.175332868	0.997312323	2.246481098	1.016784971	0.999496923	1.538494905	1.918372245	1.963216851	1.615559717	1.05567738	1.189542146	1.038690043	0.943586282	1.214118574	1.517737558	2.215180551	2.197219049	1.069449645	1.318343992	1.02921406	2.413552932	0.732044084
EEF2K|eEF2K	1.139042962	1.214187077	-1.029912845	0.91826803	0.940911504	0.606138891	0.605549061	0.85592787	-0.942980169	-0.08422647	0.839439999	0.006910349	-0.109798849	-0.053068096	-0.514776844	1.033852096	0.254838425	-1.319386315	0.982094567	1.22418582	0.094465227	0.013077191	0.337939787	-0.093667489	0.274573666	0.762358642	0.603452066	-0.211735146	0.136070334	0.775395979	0.333762067	1.69721681	-0.92159952
EGFR|EGFR	-0.501390427	-0.620684418	-0.195413549	-0.504638403	-0.631056684	-0.464892252	-0.459396934	-0.064535125	-0.476386756	-0.629603618	-0.550892364	-0.361011774	-0.350479641	-0.064031692	-0.437250172	-0.318842793	-0.487317562	-0.17041119	-0.283459495	-0.471795458	-0.33129548	-0.278070178	-0.313542966	-0.479152621	-0.533180421	-0.569454578	-0.469983084	-0.596306425	-0.276599769	-0.200726191	-0.590863352	-0.385119636	-0.0365737
EGFR|EGFR_pY1068	-2.574030415	-2.2034981	-2.384726645	-2.297112271	-2.059832419	-2.494404726	-1.690648892	-2.390028327	-2.356643678	-2.633553698	-2.413716072	-2.467792038	-2.563060557	-2.405983155	-1.436848763	-1.630613304	-2.374863932	-2.394340223	-2.571516389	-2.709209953	-2.399825271	-2.225851103	-2.035659553	-2.33339844	-2.482582632	-2.342021188	-2.538723106	-2.577802506	-2.327362585	-2.362111103	-2.46744187	-2.486248179	-2.667266432
EGFR|EGFR_pY1173	0.57268039	0.614271275	0.395241754	0.637572128	0.512192573	0.649506888	0.457586716	0.517023539	0.843085834	0.579069227	0.568437404	0.451367147	0.555814787	0.597645924	0.441473831	0.420477419	0.414135441	0.377618669	0.793947445	0.411685862	0.564719479	0.58478841	0.496697308	0.672923156	0.530568686	0.660708574	0.377471059	0.731887046	0.423648566	0.520938073	0.516523771	0.555666075	0.373555656
EIF4E|eIF4E	0.402772009	0.525210382	0.426605946	0.635091164	0.269601546	0.727917427	0.332520682	0.874906318	0.228348162	0.491339429	0.396594454	0.51381876	0.744533693	0.200000674	0.240882254	0.61558951	0.451424157	0.991259435	0.479543303	0.68530584	0.245525701	0.479568373	0.506907119	0.254618071	0.506766819	0.509298527	1.005513911	0.606466689	0.462290401	0.677089417	0.50714387	0.381695182	0.406342228
ESR1|ER-alpha	-2.107010455	-1.975076597	-1.764753731	-1.820603901	-1.36493641	-1.968765314	-1.66276239	-1.858399977	-1.780498384	-2.269936087	-1.863393838	-1.831674864	-1.623769508	-1.708083182	-1.609862527	-1.520506358	-1.941894341	-1.541107941	-1.950649524	-2.038424468	-2.044894027	-1.683094489	-1.565251996	-1.766905372	-2.258265148	-2.167388543	-2.16511914	-2.241157419	-1.899215954	-2.075050232	-2.01616696	-2.131807582	-1.71474491
ESR1|ER-alpha_pS118	0.630707178	0.390051759	-0.338705994	0.680958849	0.494711531	0.531997096	0.420487073	0.296836653	1.283852164	0.874309146	0.577215347	-0.155650173	0.245191761	0.097925278	-0.060613112	-0.076664256	0.163441937	-0.328732603	0.624730684	-0.087370316	0.458588843	0.297297781	0.187627007	0.618443918	0.376206672	0.571255879	-0.255847856	1.014981662	0.12492381	0.361670661	0.518581626	0.533664014	-0.755576771
MAPK1|ERK2	0.984849734	0.728456666	0.895839337	1.012556246	0.77698205	0.87185998	0.901196567	1.226062722	1.918529512	0.946745249	0.91623753	1.405284065	1.107618177	1.223707832	1.596102297	1.351085161	0.913136156	1.278708222	0.867189798	0.789124835	1.081127438	1.191170182	1.096501068	1.21967213	0.953531664	1.240247145	0.958600784	0.735933614	1.201731745	0.809942989	1.278409361	1.040732432	0.908384851
FN1|Fibronectin	0.465536177	0.327297468	0.106022048	-0.252888434	-1.001516251	0.279649574	-0.190224448	0.519654014	0.455683948	0.947373168	0.446719145	-0.001521407	0.625947742	0.585229219	-0.900589778	0.104527909	-0.283649768	0.226833649	0.059280966	0.445756974	0.479491242	-1.00557653	-1.178871008	0.927754225	-0.997236182	0.209363488	0.031987699	0.996698685	-0.590645482	-0.217414528	-0.803891029	0.177807317	0.108922934
FOXO3|FOXO3a	-0.633330182	-0.545187475	-0.588194522	-0.551967643	-0.510572546	-0.50220281	-0.686648778	-0.447469922	-0.339302192	-0.649061122	-0.582457375	-0.327155682	-0.733925206	-0.345477785	-0.6186973	-0.384866362	-0.661925944	-0.505563037	-0.589682867	-0.44507633	-0.610632215	-0.655319349	-0.462293731	-0.347893542	-0.73923133	-0.404340699	-0.673877949	-0.599209208	-0.752387319	-0.744933463	-0.549116207	-0.558184481	-0.454891411
GAB2|GAB2	1.017116217	0.559029393	0.452491031	0.453778485	1.568302879	0.775119914	0.779994526	1.086177946	0.759934235	0.966650831	0.840293878	1.007012996	0.784171088	0.575030035	0.596492933	1.109771125	0.598368004	0.552372021	0.776276672	1.603401285	0.774668385	0.834187273	0.868320416	0.611904012	1.040757434	0.970506887	1.053552281	0.965797413	1.207157677	1.015272346	0.545383754	0.725469849	1.176865361
GATA3|GATA3	-0.093147647	-0.245598228	-0.21650821	0.032674182	-0.124733619	0.072218308	0.010837266	0.073962464	0.578392117	-0.256085788	0.042629066	0.291264004	0.006135953	0.163909354	0.379607054	-0.107379014	0.242565316	0.167474912	-0.282161228	-0.284904735	-0.246940483	0.237639683	0.110070986	-0.084609167	-0.143263683	-0.047872321	-0.256589491	-0.090585137	0.336116536	-0.238509025	0.352266191	0.308773386	-0.096548178
GSK3A GSK3B|GSK3-alpha-beta	0.607233489	0.432282445	1.047434758	0.593968679	0.803927729	0.863580126	0.420658294	0.79489586	0.921847301	0.641436204	0.799056184	0.845686497	0.804121958	1.078755911	0.795100665	0.548354725	0.744923114	0.982359225	0.815982859	0.768002229	0.814636965	0.747859868	0.650819509	0.588103664	0.721475135	0.712082502	0.911595213	0.903584191	0.688526042	0.887663278	0.707206364	0.722492997	0.466660606
GSK3A GSK3B|GSK3-alpha-beta_pS21_S9	0.59781775	0.947656291	0.954063552	0.579309373	2.131144315	0.829065215	1.59347017	0.868005475	2.199497567	1.290474681	0.900278491	0.103982565	1.035396781	-0.58956476	2.514961895	1.502757427	1.487747219	0.876127265	-0.632031	0.018296361	1.063667469	1.852384309	1.690434607	1.333382352	1.937301219	1.097347869	0.491938352	0.806981235	1.741655327	0.520195935	1.730449719	1.282626365	1.328463617
ERBB2|HER2	-0.711982481	-0.718692289	-0.546869466	-0.509008865	-0.414395975	-0.458432353	-0.358611297	-0.474006379	-0.637123769	-0.766617108	-0.463609759	-0.422374463	-0.44236308	-0.337254192	-0.672842852	-0.355499282	-0.717936638	-0.394050141	-0.773155697	-0.549609693	-0.467486244	-0.596507538	-0.43226237	-0.527471524	-0.919242361	-0.410865139	-0.562894319	-0.675436321	-0.66520373	-0.447339058	-0.494213563	-0.306218481	-0.401102158
ERBB2|HER2_pY1248	-0.455667236	-0.421890702	-0.563883259	-0.111157889	-0.336514145	-0.188844933	-0.546095626	-0.452920378	-0.013565652	-0.357406228	-0.563590735	-0.585258924	-0.592602349	-0.246377801	-0.467109255	-0.577823857	-0.703730952	-0.600455934	-0.072248403	-0.674904725	-0.607846699	-0.580624781	-0.666472965	-0.178634232	-0.698588261	-0.381378998	-0.556460291	-0.210007201	-0.717808562	-0.483561617	-0.468643869	-0.36233834	-0.093802697
ERBB3|HER3	-0.458538703	-0.508176438	-0.347643356	1.045342122	-0.270022303	-0.262940616	-0.520183475	-0.297606464	-0.558662262	-0.68476504	-0.502899946	-0.514451244	-0.615934834	-0.077751499	-0.685386911	0.168971642	0.914186647	-0.564097967	-0.340334875	-0.489641401	-0.344798985	-0.540284845	-0.322019853	-0.330315126	-0.499679558	-0.24646426	-0.581139894	1.705157719	-0.757701247	-0.48080729	-0.469779171	-0.433405011	0.759793583
ERBB3|HER3_pY1298	0.382679433	0.118678581	0.28915373	0.645994016	0.182283131	0.339746384	0.24401785	0.428261121	0.230729593	0.432973028	0.203702704	0.306607506	0.129953178	0.629022096	0.463713312	0.249414344	0.360927829	0.668860798	0.443607469	0.442609311	0.215162769	0.638881493	0.185043258	0.545045568	0.163497073	0.235835311	0.289249341	0.533307846	0.359574665	0.410262821	0.323124143	0.690090741	0.372271904
HSPA1A|HSP70	-0.025548429	-0.155761611	-0.357286573	0.428082913	-0.137548929	-0.31010967	-0.084337061	-0.313938749	0.229890838	-0.379070241	-0.235812938	0.082517867	-0.242808102	0.066600445	-0.339949033	0.00338999	0.285938709	0.054509981	0.848854564	0.016286225	-0.20410539	-0.340423983	0.237383305	0.536610986	-0.094205129	-0.462756558	-0.025599448	0.147315752	0.015320585	-0.308724306	-0.425246516	-0.083966718	0.429448484
IGFBP2|IGFBP2	-0.044854247	0.250583192	-0.769513583	-0.849072406	-0.785194087	-0.641031301	-0.243437804	-0.122032019	-0.493740513	-0.170670484	-0.786139619	-0.110773641	0.476301822	-0.772184443	-0.693639594	0.402625319	-0.844112842	-0.414284347	-0.535081372	-0.204519949	-0.00469186	-0.62749878	-0.636035246	-0.365056015	-1.077494105	-0.514268186	-0.155894572	0.130494664	-1.090788288	-0.771695343	-0.7087588	-0.633934173	0.339910082
INPP4B|INPP4B	-1.917829594	-1.994843679	-1.868040932	-1.538576545	-1.41794758	-2.133700269	-1.120414147	-1.375091257	-0.551417913	-2.47173444	-1.802528868	-1.102485441	-2.344004573	-1.166171062	-0.638803801	-1.062285073	-1.87801377	-1.05225558	-1.822095988	-1.665711258	-1.435707051	-1.04931923	-0.995604184	-1.845438718	-1.620036685	-1.450398911	-2.103157049	-2.290969102	-0.571796582	-1.334994335	-0.991956472	-1.565433596	-1.276301504
IRS1|IRS1	-0.475233491	-0.046722403	-0.859850915	-0.486388373	-0.551088412	-0.008018489	-0.675077512	-0.533159657	-0.410868476	-0.509972408	-0.836412242	-0.672091633	-0.234566279	-0.191113589	-0.628117144	-0.487925115	-0.763376446	-0.676506113	-0.471606499	-0.699311037	-0.813449549	-0.542952699	-0.644827492	-0.325197621	-0.747885005	-0.623153863	-0.550823695	-0.46934058	-0.875099865	-0.681377868	-0.539081655	-0.519986092	-0.324071723
MAPK8|JNK_pT183_Y185	-0.703487331	-0.864544242	-0.566954972	-0.293324627	-0.716891831	-0.652576964	-0.81307102	-0.656777444	-0.746361512	-0.576315905	-0.849625338	-0.848750621	-0.859971216	-0.423338411	-0.283280109	-0.140886618	-0.768924036	-0.700270904	-0.737602016	-1.093726902	-0.355625157	-0.418237073	-0.511001196	-0.349376842	-0.853929076	-0.685390597	-0.953792479	-0.605508773	-0.992758727	-0.496854754	-0.607083812	-0.660108038	-0.564835705
MAPK9|JNK2	0.607022117	0.183164907	0.788295024	0.074022522	0.277998056	0.379751398	0.295965487	0.509831384	0.906948722	0.498905075	0.075602093	0.392645422	0.495511888	-0.305343906	0.612108442	1.33933827	0.417979286	0.322861521	0.000531753	0.525871943	-0.199491983	0.116955128	0.542281253	0.077089636	0.242843288	0.614661802	0.362571526	0.363165253	0.669321526	0.331049745	0.950571629	0.772109448	0.148540071
XRCC5|Ku80	2.121258506	1.624823395	1.750063241	2.539788232	1.911656508	2.205547713	1.850980288	2.322506282	1.147214071	2.125353095	1.734309806	1.922019338	2.065250245	2.266375483	2.115515464	1.449166629	1.997610667	1.490935761	2.360249704	2.447108554	2.135148899	2.475609059	1.660946766	1.493681077	2.066759568	2.002710334	2.041646859	2.514038626	1.901484744	2.416234504	2.642470959	2.638594796	1.407306581
LCK|Lck	2.168622952	2.092217154	1.811539779	2.064079363	2.146362077	1.920824212	1.666934024	1.772665823	1.295469459	1.916806308	2.319202161	1.844707859	2.690710497	1.79486829	2.443285174	1.721822907	1.675101692	1.778894635	1.619341882	1.181733697	1.729185214	2.198096611	1.984289796	1.503180299	2.028319413	1.853115211	1.828151399	1.309826014	2.440723923	1.522266421	2.512256751	2.237130469	1.900849427
STK11|LKB1	0.452103309	0.410958579	0.425528874	0.389399315	0.219532328	0.47714657	0.192285466	0.730951806	0.925990432	0.392342337	0.320807395	0.505984616	0.511123996	0.560744433	0.39196473	0.323555996	0.247532484	0.673562563	0.68569147	0.495067946	0.343789437	0.349497413	0.298394025	0.790498299	0.221420769	0.623324131	0.405640547	0.376015463	0.370990521	0.485384729	0.320329455	0.294751685	0.670112288
MAPK1 MAPK3|MAPK_pT202_Y204	-1.262289166	-0.168388773	-0.583227645	-0.510370936	-0.666439289	-1.297826107	0.278043485	-0.803292978	-0.179079797	-1.217275858	-0.781355298	-1.242753453	-0.811112505	-1.174723434	0.798854639	-0.323355035	-0.177746363	-0.841052592	-1.463987878	-1.465183175	-0.100600554	-1.004698642	-0.470283004	0.724550096	-0.641921131	-0.370260908	-1.11772231	-1.040983859	-0.957704266	-0.789134004	-1.327941556	-0.78821487	-0.52195884
MAP2K1|MEK1	1.663193261	0.9480984	1.164043076	0.556202117	0.555918047	0.997675485	1.151207766	1.040421637	1.172131085	1.232600923	0.42025211	0.339447668	2.025792557	-1.057848965	0.477846844	1.236227967	0.199056959	0.251135506	-1.405369751	1.137128785	-0.665838837	-0.632507043	0.586614702	0.802244514	0.03331301	1.047571013	1.353437905	1.059574446	0.365574232	0.395327742	1.697391953	1.337391497	0.539694303
MAP2K1|MEK1_pS217_S221	-0.396483018	-0.049283252	-0.149699273	-0.167133594	-0.375978506	-0.272093091	-0.248511588	-0.041497867	-0.088134968	0.141935544	-0.083193099	-0.276409609	-0.169069524	-0.213928534	-0.202890066	-0.181273673	-0.352049901	0.028341666	-0.042419147	-0.304875785	-0.051051222	-0.248466967	-0.290125383	0.020726039	-0.522513429	-0.351128632	-0.232313014	-0.339908404	-0.35378374	-0.201123129	-0.552070661	-0.151700164	-0.035586538
ERRFI1|MIG-6	-0.012280762	0.047923614	0.168008112	-0.117294267	-0.146460453	-0.049562406	-0.263671798	0.246403478	0.291539241	-0.043876797	-0.083530541	0.038022664	-0.201056477	0.186329774	-0.124765361	-0.205671149	-0.184329526	0.103912425	-0.047402139	0.099833519	-0.075229227	0.009181605	-0.139762383	0.075434471	-0.084441926	0.048049806	0.103972926	0.111011047	0.025873742	0.220515136	-0.10835125	0.067681977	0.069585009
MRE11A|Mre11	0.131064923	0.110670795	0.201665832	0.060744891	-0.025168913	0.127605285	-0.03903539	0.102737111	0.048874308	0.028351555	0.004305177	0.102994012	-0.069018405	0.277679178	0.014239863	0.241273277	-0.00494518	0.127042206	0.286480418	0.11143073	0.15371761	-0.006982216	0.12110392	0.220827806	-0.091280945	0.151453447	-0.088560306	0.078158062	-0.004049701	0.104409932	0.033625832	0.062453302	0.254876127
MTOR|mTOR	0.96379448	0.948214662	1.359412769	1.11860437	1.276473445	1.202435905	1.084396308	1.375299981	-0.226449592	1.06943744	1.074232273	1.402434613	1.245803269	1.098830214	1.328583653	1.429868251	0.963471008	1.4078185	1.029033653	0.944657469	1.149599258	1.258092856	1.085914388	0.531485586	1.21050267	0.916550488	1.1047987	0.68892596	1.405307765	1.200966663	1.251631619	0.895139349	0.968250942
MTOR|mTOR_pS2448	-0.675633645	-0.593372049	-0.647899694	-0.775580872	-0.191372212	-0.774429351	-0.340353755	-0.411410422	-1.404104213	-0.613618303	-0.52441157	-0.755630571	-0.721122609	-1.033304409	-0.037145026	-0.218529115	-0.339653506	-0.428855701	-1.086302408	-0.885550673	-0.291844244	-0.170762927	-0.108678967	-0.980975138	-0.308235663	-0.731184297	-0.922700025	-0.908498134	-0.227429733	-0.637140253	-0.175921082	-0.363812969	-0.748204199
CDH2|N-Cadherin	-0.809917841	-0.585988434	-0.930919223	-0.472092128	-0.565903412	-0.647794523	-0.729058859	-0.685291831	-0.735308798	-0.905334485	-0.843661449	-0.732988476	-0.958964683	-0.294822294	-0.835749942	-0.30624251	-0.609384163	-0.524780713	-0.448355733	-0.781508912	-0.741617624	-0.792249992	-0.577104442	-0.349021428	-1.026703725	-0.82646984	-0.829547071	-0.613096254	-0.82994679	-0.711640087	-0.827233741	-0.480864825	-0.298927018
NFKB1|NF-kB-p65_pS536	0.947152042	-0.007674535	0.622086386	-0.062267509	0.500961392	0.102138959	0.842641043	-0.225897301	-1.244535087	0.94520675	0.632522057	-0.393886522	0.698205092	-0.268601096	0.171187879	0.481346742	0.620293237	-0.28683788	-0.247014292	-0.374525722	-0.356498346	1.06639773	0.099337906	-0.097900699	1.412222644	-0.494945428	0.792079135	0.828309596	1.650959957	0.865651247	1.904670417	1.938158687	1.111119963
NF2|NF2	1.188537756	0.549351073	0.498471115	1.30545631	1.130549261	1.232021679	0.864492551	1.229335269	0.933804844	1.281813256	1.082755446	1.358303744	1.094500008	1.299707299	1.32728387	1.239374205	1.133614676	1.545717428	1.186361263	1.495046824	1.166802485	1.168470503	0.962245156	0.712450811	1.107923968	0.999530368	1.331117792	1.496761891	1.454539841	0.811266911	1.356186525	1.983442241	0.741545357
NOTCH1|Notch1	-0.257337644	-0.355713687	-0.640780854	-0.661897184	-0.822209051	-0.448878958	-0.707878316	-0.402310564	-0.266979877	-0.661421309	-0.72477495	-0.573034108	-0.503096841	-0.790425927	-0.585288924	-0.573600266	-0.564305878	-0.929656902	-0.156302739	-0.72558952	-0.775199731	-0.727317279	-0.579290733	-0.400624632	-0.656793237	-0.596411468	-0.021986285	-0.499833616	-0.652023165	-0.254608451	-0.661430274	-0.781317316	-0.455366225
CDH3|P-Cadherin	-1.531546017	-1.514175657	-1.570762553	-1.529490453	-1.548428575	-1.516159013	-1.554347067	-1.497440968	-1.538546382	-1.611320366	-1.554666359	-1.5103814	-1.605822153	-1.499616855	-1.465993379	-1.513967785	-1.528621532	-1.56005043	-1.47440722	-1.550821774	-1.555811735	-1.535071555	-1.533292719	-1.474718652	-1.570680924	-1.545302652	-1.563939052	-1.535303573	-1.520170033	-1.544675135	-1.506390026	-1.441932841	-1.54437058
CDKN1B|p27	-0.006873368	-0.101268612	-0.411721357	0.333833835	-0.117906317	-0.060932657	0.104820264	-0.04766239	2.020532267	0.090192232	-0.112849228	0.42166617	0.08645781	0.220172863	0.976384485	-0.249561094	-0.148973603	0.424930273	-0.222641449	0.426810622	-0.04135218	0.588837732	0.093271633	0.729936887	0.034234329	1.306394698	-0.256389608	-0.25805667	0.684612671	0.055588435	0.947317219	0.369348305	0.236189347
CDKN1B|p27_pT157	-0.241987329	-0.262831149	-0.438140221	-0.158180864	-0.08757822	-0.136634075	-0.302461528	-0.229257851	-0.061515695	-0.285849589	-0.299410582	-0.341149843	-0.155313455	-0.301138506	-0.279923198	-0.121945488	-0.333387839	-0.452958234	-0.261508504	-0.278830823	-0.366430774	-0.181901739	-0.202161622	-0.137677223	-0.405776248	-0.157652548	-0.260148769	-0.278516712	-0.321510758	-0.231558438	-0.187063535	-0.247279246	-0.308338735
MAPK14|p38_MAPK	0.352663186	0.461506565	0.362785908	0.404304094	0.332384659	0.551619488	0.173955542	0.770665308	0.111198919	0.384152518	0.488015465	0.73428007	0.322883948	0.717342021	0.588427707	0.478306702	0.100414419	0.883273254	0.618089152	0.289833658	0.542496517	0.846878529	0.457192058	-0.064884297	0.522433746	0.194638144	0.631185016	0.361731768	0.956266395	0.835735999	0.681164819	0.735921859	0.61694658
MAPK14|p38_pT180_Y182	-0.357812352	0.18867059	0.220302135	0.166691267	1.009645237	-0.355321745	0.781458431	1.025827761	-0.804119796	-0.0855895	0.002866277	-0.143885331	-0.106022686	-1.381887426	1.53861984	0.015158762	0.672172157	1.120268116	-1.678988146	-1.158652375	0.414494279	1.223973107	0.990452708	-0.063749323	0.957877433	0.108133561	-0.583948427	-0.447469485	1.23534819	0.253442054	1.012828244	0.987313811	0.880780495
TP53|p53	-1.88778138	-1.732517816	-1.988097587	-1.716789814	-1.42222857	-1.288552247	-1.851640569	-1.501252427	-3.735336515	-2.058364827	-1.953237064	-1.654654562	-2.484960569	0.364561449	-1.649429056	-1.052324979	-1.797595785	-1.636420639	-1.548743102	-1.580566605	-1.69323127	-1.479605572	-1.347859404	-1.490278593	-1.966296298	-1.668924177	-1.88670033	-1.769106723	-1.616873249	-1.595165567	-1.623288306	-1.8528995	-1.722333219
RPS6KB1|p70S6K	0.974785512	0.749631627	1.074503256	0.804652366	1.461156833	0.953608144	0.609171163	0.92442333	0.881395751	0.784430853	0.857550874	0.898933017	1.251664246	0.439054466	0.885715758	1.125363182	0.795337218	0.658851114	0.805141069	0.802895683	0.530896712	1.002381717	0.809351964	0.526238945	0.808257154	0.704769019	1.043593625	0.619553174	0.753914584	0.929193173	1.136668731	1.285003922	0.405458845
RPS6KB1|p70S6K_pT389	-1.041547577	-0.899053324	-1.083356598	-1.149067555	-0.460303038	-1.012716719	-0.996593309	-1.074449513	-1.786450269	-1.411912938	-1.074755895	-1.404884508	-1.156566648	-1.038260855	-1.27854454	-0.50173565	-1.014830561	-1.132128312	-1.111133879	-1.313922165	-0.869642009	-1.189923222	-0.875457944	-0.853173523	-1.349760498	-1.534680461	-1.524640342	-1.306734676	-1.438997681	-1.233605113	-1.24213578	-1.071364183	-0.943390527
RPS6KA1|p90RSK_pT359_S363	-0.786378002	-0.490535315	-0.755660234	-0.614674784	-0.484707994	-0.753679293	-0.438448331	-0.728192106	-0.911125614	-0.811481134	-0.792339187	-0.837510702	-0.72366581	-0.551084593	-0.609273382	-0.414056413	-0.625831997	-0.620683218	-0.582632208	-0.835680275	-0.680493258	-0.575581829	-0.573934148	-0.353494792	-0.768821281	-0.892693851	-0.791015257	-0.782027546	-0.953422017	-0.7508271	-0.676968389	-0.633382138	-0.280015827
SERPINE1|PAI-1	-1.586280578	-1.284536548	-0.38662332	-1.928074356	-2.42072545	-0.891469805	-1.621491187	-0.355397967	-1.424898755	0.225627918	-1.07956736	-2.519333326	-2.287238853	-0.188166542	-3.023221	-1.156257093	-2.701697207	-1.522425444	-0.447659289	-1.941314244	-1.54993252	-3.138368435	-2.920918126	-1.256082467	-2.705057495	-0.993072453	-0.117103988	1.200442111	-2.907481214	-0.209107648	-2.47234139	-2.348998811	-0.889589464
PXN|Paxillin	-0.028905352	-0.182161272	-0.168749174	-0.224036654	-0.812286739	-0.214066134	-0.055915371	0.315152606	1.093329174	-0.040176793	-0.025727256	0.066340117	-0.184842462	-1.029339495	0.165422256	-0.030009746	-0.270823572	-1.187225495	-0.416715155	-0.318061779	-0.105837318	0.091942199	-0.212826143	0.111660785	-0.243469879	-0.034288362	-0.13170479	-0.128161102	0.345004371	0.125932206	0.007193369	-0.00370957	0.160446957
PCNA|PCNA	-0.378246619	-0.38809474	-0.061864863	-0.246087553	-0.767452454	-0.242272279	-0.893530011	-0.558063981	-0.77347877	-0.899148651	-0.587477255	-0.653593733	-0.502968654	-0.373862017	-0.913741843	-0.736477369	-0.751121319	-0.771142814	-0.24595619	-0.567352889	-0.675122216	-0.756225751	-0.824338709	-0.540833898	-0.593898723	-0.459205031	-0.327683188	-0.431102084	-0.859156686	-0.450978426	-0.885673135	-0.752497037	-1.027589759
PDK1|PDK1_pS241	0.712315663	0.363102642	1.29997748	0.938492728	0.739831769	1.059000181	0.647094502	1.184204203	0.754384784	0.951146521	0.79786444	1.135831242	1.462292981	0.585719458	1.10859994	0.627098365	0.735711426	1.429514675	0.62848669	0.922224212	0.776137788	1.085265927	0.748996441	0.520793244	1.173091262	0.63573724	0.882751362	0.461072314	1.355587883	0.881166563	1.024827309	1.15609747	0.737249724
PEA15|PEA15	0.800067681	0.361402546	0.777599018	0.878639512	0.660727569	0.631493118	0.633909861	1.472919525	1.47989654	0.904744958	0.843744165	1.046990415	1.138597293	1.46902476	1.224600565	1.117808547	0.853162588	1.465666675	0.74160953	1.188716034	1.025138404	1.150281524	0.873002643	1.251500449	0.759639552	1.001728743	1.024558036	0.806657658	1.111750298	0.980715351	1.124256305	1.386541312	1.044397903
PIK3CA |PI3K-p110-alpha	-0.540946599	-0.062504244	-0.187582724	-0.20497955	0.126664762	-0.402840505	-0.569639978	-0.023514674	-0.29066861	-0.440534079	-0.299765942	-0.381635218	-0.741737962	0.261332824	-0.554142256	-0.131028065	-0.470335937	-0.232892524	-0.595211992	-0.584193935	-0.48029953	-0.319354913	-0.255420156	-0.382757133	-0.557024845	-0.272693989	-0.005647533	-0.688900585	-0.500846301	-0.34634794	-0.248640389	-0.769753625	-0.678725466
PRKCA |PKC-alpha	-0.488381782	-1.405853786	-0.760655039	-0.318691317	-0.508426066	-0.264407783	-0.522042565	-1.155231468	-1.744931644	-1.15280745	-0.797193936	-0.646986861	-1.108144449	-0.892953165	-0.630555868	-0.183053713	-0.947638435	0.116867533	-0.926908167	-0.244010699	-0.636983756	-0.41220066	-0.95125041	-1.542083801	-0.865634361	-0.555239704	-1.080282808	-1.119486914	-0.336447333	-1.022301754	0.080299253	-0.588453086	-0.700509695
PRKCA |PKC-alpha_pS657	-0.779093853	-1.782722514	-0.954720904	-0.386118401	-0.464016712	-0.251492966	-0.525068117	-1.181381674	-2.825118943	-1.303407776	-1.051800932	-0.752559416	-1.315114666	-0.765729961	-0.613943151	-0.133998102	-1.065622168	-0.060731437	-1.028064156	-0.392850556	-0.753264217	-0.442028797	-0.980335912	-1.843388925	-0.923291583	-0.935045717	-1.134393862	-1.411864703	-0.527440173	-1.505495224	-0.032511111	-0.790310595	-0.986269122
PRKCD|PKC-delta_pS664	0.487188099	0.050375764	-0.097451863	-0.027421272	0.603327285	0.163263732	0.21167925	0.434510707	-0.261200825	0.425804243	0.347869244	0.331620151	0.686371936	-0.441670523	0.443326571	0.477183591	0.374930628	0.296194825	-0.288956135	0.1659942	0.02066939	0.705420032	0.444287617	0.045497994	0.391602366	0.331624952	0.015912234	0.14092183	0.530631403	-0.064884393	0.96844819	0.547403409	-0.122976248
PGR|PR	-0.604449377	-0.667177303	-0.629152083	-0.640487123	-0.652818577	-0.607912923	-0.782767619	-0.633248617	-0.694900752	-0.654903379	-0.676064285	-0.713746142	-0.686190239	-0.591040143	-0.753954445	-0.608957942	-0.792569405	-0.755555931	-0.397969903	-0.64301164	-0.618754782	-0.664232054	-0.780378389	-0.600037965	-0.668767724	-0.473834826	-0.718918357	-0.476535247	-0.809581242	-0.705531594	-0.689437281	-0.541137526	-0.813455178
AKT1S1|PRAS40_pT246	0.045814347	0.202466198	-0.00131152	0.126273902	0.505568769	0.07509249	0.347526272	0.077586357	0.408801165	0.269706027	-0.015973032	-0.058071382	0.265649045	-0.068193083	0.442976784	0.34380733	0.129783447	-0.046265095	0.009345173	-0.035604892	0.104407219	0.255124108	0.295817698	0.308224692	0.16453985	0.149850778	-0.014261385	0.117006448	0.099733649	0.110809511	0.202070565	-0.005113728	-0.048738417
PTEN|PTEN	0.402115049	0.145799991	0.594502494	-0.284707902	0.276860375	0.97374286	0.386685945	0.344398607	-0.85407104	0.633035166	0.665672245	0.431402038	1.826230087	-0.358122334	0.219932963	0.261982442	0.614865661	0.03257789	0.26548694	0.67670232	0.391958734	0.44915404	0.132972351	-0.273780396	0.809498395	0.377637117	0.081541671	0.218814953	0.474008587	0.108251973	0.168010298	0.33695085	0.465901823
RAD50|Rad50	0.314145207	0.211260086	0.55429119	0.21001288	-0.219036779	0.141605279	-0.071069066	0.16923486	-0.319652346	-0.002907597	-0.006332736	0.141311109	-0.067667389	0.514126619	0.074201655	0.209168587	0.15953841	0.250263635	0.28202181	0.332809229	0.240921562	0.090316204	0.201875743	-0.155136759	0.05920509	0.217806896	-0.569923179	0.158048278	0.04062639	0.162562383	0.171529585	0.37889072	-0.304482394
RAD51|Rad51	-0.833594393	-0.491612094	-0.779447047	-0.411813903	-0.649972161	-0.530164582	-0.738200903	-0.707950258	-1.101280292	-1.06133851	-0.639110294	-0.652134362	-0.727840597	-0.266846756	-0.973058282	-0.45306743	-0.509523101	-0.27228213	-0.268901738	-0.803206373	-0.670709048	-0.71259443	-0.669701318	-0.120797607	-0.913928842	-0.834953354	-0.42521339	-0.760048396	-0.930680228	-0.545670311	-0.854862451	-0.892766146	0.205724394
RB1|Rb_pS807_S811	0.711206083	1.891493134	-0.267022679	0.673453084	2.25204265	1.929486945	1.674199788	0.295309766	0.181621673	0.179198531	1.440474215	1.028305995	0.326748226	-1.184074642	0.574741607	0.362688395	1.397339278	0.516149469	-1.016050323	-0.168851156	1.249820393	0.74684727	1.290232247	0.60339151	2.485538628	1.449920207	0.76432691	1.688380589	0.783699576	0.862065559	0.975336981	0.199827713	0.005323916
RPS6|S6	1.416138758	0.717712531	1.283537781	1.94221071	1.546719278	1.970628809	1.176023437	1.434779235	-0.077347806	1.432547713	1.31586383	1.340677276	1.088062682	1.982417255	1.311148297	1.483173848	1.407596154	1.285895411	1.583553673	1.711799527	1.599970093	1.746630342	1.473738863	1.015719424	1.793715327	1.642131689	1.244154454	1.486654611	1.693870634	1.897023501	2.049759307	1.607309582	0.509482159
RPS6|S6_pS235_S236	-1.529048576	-1.81035822	-0.958887462	-0.837800955	-0.482885586	-1.616253307	0.087047532	-0.202768361	-2.422701927	-0.881662047	-0.317405545	-1.428927686	-1.95341065	-1.308401068	-0.548036097	-0.127008672	0.324570328	-0.458223415	-1.376975856	-0.423515115	0.983352021	-0.254824669	-0.540084669	-0.98826348	0.448684164	-1.266370233	-1.531106738	-1.187247084	0.178194914	-0.1942151	-0.790246492	-0.943540005	0.70575413
RPS6|S6_pS240_S244	-0.630586205	-2.142196697	-1.108968216	-0.727512335	-0.661972365	-1.473285523	0.393065481	-0.908166819	-2.272794661	-0.971570593	-0.83168471	-1.291604216	-2.439135176	-1.28242813	-0.991729446	-0.35158687	0.121980137	-0.729574908	-0.718476266	0.040848691	0.768294917	-0.297176023	-0.754084219	-1.287544769	0.441259135	-1.421619303	-1.867982923	-0.831612395	0.137026158	0.380281594	-0.36849843	-0.461658257	0.48509014
SHC1|Shc_pY317	-2.533584222	-2.494283242	-2.11979305	-2.305218474	-2.107921758	-2.35315073	-2.343653539	-2.295822215	-2.180233096	-2.48364465	-2.222001773	-2.26925131	-2.162756427	-2.581303427	-2.227664513	-2.126410091	-2.389151825	-2.385711949	-2.489816317	-2.336285253	-2.509681867	-2.275404196	-2.294197798	-2.508325383	-2.385670328	-2.358125757	-2.200779282	-2.472354647	-2.278366199	-2.308745204	-2.180813787	-2.389581039	-2.448636927
SMAD1|Smad1	2.086441462	-0.185346536	1.18043507	2.050413248	0.494051674	0.850332676	0.292797885	0.100357815	0.62158681	0.978154645	0.649172026	0.059030832	0.211593872	0.385098856	0.806081618	-0.262158011	0.291612298	0.629486865	0.429649041	0.219532604	0.056953287	0.294602998	0.18883924	0.303383264	0.078962485	0.853752867	-0.182937246	0.607419317	0.359429203	1.455007986	2.787731631	2.691354477	-0.847941373
SMAD3|Smad3	1.48827186	1.046933726	0.936385767	1.558101358	1.093298497	1.248023692	0.874053482	1.162342148	1.811249988	1.331508303	0.966977727	0.910853025	1.196736477	0.9631069	0.996926371	0.605614222	0.783701025	0.670815933	1.270464017	0.518302146	0.825003681	1.148467101	0.846745843	1.252900563	1.00710932	1.302094685	0.706029163	1.361459928	0.734824916	0.709528319	1.283082049	1.277495213	0.653492135
SMAD4|Smad4	-1.069825203	-1.013541947	-0.877839929	-0.961288417	-0.937124592	-1.056047001	-1.103203924	-1.199460989	-0.90993581	-1.024375199	-1.028312324	-1.22190533	-1.289368528	-1.062263662	-1.25737684	-0.944586558	-0.968423353	-1.10073052	-1.13451213	-1.134518671	-1.260058211	-1.223845179	-1.115070413	-1.211647299	-1.215351289	-1.132865859	-1.217917491	-0.606899607	-1.277359569	-0.974350612	-1.085544379	-1.229363337	-1.228396132
SRC|Src	-0.598876481	-0.708706405	0.608254875	-1.130737058	-0.813439613	-1.107928648	-0.802079318	0.840609526	-0.223938111	-0.944890896	-0.38385305	-0.128921246	0.2766111	-0.59117472	-0.444372281	-0.866811471	-1.235035192	-0.076886062	-1.075042492	-0.828399347	-0.559992815	-0.695081129	-0.370332031	-0.31312052	-0.633316488	-0.692110104	-1.139418437	-1.051625282	0.013568703	-0.413942465	-1.144212666	0.096953534	-0.687264199
SRC|Src_pY416	-0.573592739	0.373647942	0.71332374	-0.588069789	0.368035546	-0.852184132	0.580807631	-0.514728886	0.888963456	-1.058614032	0.113962145	-1.152538214	-0.562405397	-1.116881564	2.492662425	0.416928796	-0.046228903	-0.608057085	-1.538350958	-1.58126391	-0.541253744	1.286362728	0.619837171	0.149689248	0.798170335	-0.183836535	-0.553687575	-0.609152602	1.173719917	0.609212042	2.041281074	0.189930364	0.250919732
SRC|Src_pY527	-1.127524884	-0.818430809	-0.040081638	-1.163361382	-0.894299801	-1.655930673	0.18596501	-2.091075452	-0.90023053	-1.810551974	-0.940605878	-1.957731593	-0.093496806	-2.794844394	0.324125142	-0.969378914	-0.64946228	-1.264000116	-3.37318911	-2.49706876	-1.054105142	-0.326277356	-0.515141518	-0.377825585	-0.276838146	-1.094263262	-1.866156014	-1.210174563	-0.096460679	-1.195825882	-0.88807601	-0.711661583	-0.29589537
STAT3|STAT3_pY705	0.022197256	0.088908464	-0.426169474	-0.058785002	-0.061332438	0.419310125	0.43746981	0.309929836	0.575727775	-0.065009188	0.014158554	0.145485399	-0.611738554	0.488762208	0.578526606	-0.326637085	0.251231575	0.661259437	0.620774919	0.761918381	0.281213744	0.108842208	-0.042452642	0.174013925	0.679262022	-0.268988251	0.851315122	0.463613208	0.452597056	0.213447227	0.358040243	-0.069157267	0.246798102
STAT5A|STAT5-alpha	3.772744475	3.628030969	3.285065191	2.836371308	3.268156756	4.472595228	3.546122262	3.835761084	2.7583562	3.933247136	3.123836303	3.801887403	2.725764958	1.9229812	4.106830894	3.721752955	3.676422808	2.830676611	3.302739661	3.029365641	3.073893128	4.350043257	3.749226325	2.652736185	3.865654621	3.479620253	4.027109236	3.630847447	4.716933875	4.312715564	4.450180113	4.552393305	3.518369134
STMN1|Stathmin	-0.121129505	0.177083906	-0.029394188	0.084484841	-0.217512023	0.251926065	-0.373110532	-0.140956756	0.456880531	-0.051086613	0.009058875	-0.015373655	0.18684817	0.15243457	-0.289669538	-0.183836012	-0.261573368	-0.129927738	0.436972219	-0.230883422	-0.194780184	-0.164249432	-0.234951402	0.390233701	-0.24532604	0.098194229	0.014285716	-0.080287714	-0.318401638	-0.180630203	-0.307350535	-0.279529421	0.233640338
SYK|Syk	3.667820511	3.463075975	4.062747868	3.341173445	3.648690846	4.012975404	3.407513886	3.771833655	1.404610817	3.76592324	3.356717564	2.980787552	4.112401064	1.696600475	3.095922655	3.902087934	3.468139101	3.372813897	3.439468409	3.922524098	3.654709619	3.608428648	3.547575176	2.397292665	3.993486024	3.592646986	3.057648556	3.764950433	3.945599163	3.170205347	3.865914838	4.609266602	2.364968743
TSC2|Tuberin	2.098442746	1.625297835	1.730675344	1.748206201	2.1909346	2.268268655	1.630543831	1.834576098	0.568402358	2.065129674	1.845288846	1.641672073	2.094041259	0.934834595	1.497036631	1.840368158	1.783528302	1.235676669	1.766417385	1.589739728	1.58236111	1.585982638	1.595331028	1.365548881	1.859274284	1.76179807	1.560561237	1.744000604	1.973142272	2.11237708	2.334055591	1.987275562	1.411275553
KDR|VEGFR2	1.121291501	0.582833122	1.20724738	1.297482716	0.247660476	0.968557884	1.062696046	1.254409222	0.801913369	0.91979258	1.052878702	1.225071672	0.529656281	1.322509724	1.753771794	0.955015132	0.794903003	1.583025805	0.577960988	1.266046563	0.8936618	1.86985409	0.930863909	1.170707418	0.833769873	0.934236722	0.917842572	1.289189709	1.419729302	1.666176409	1.416305233	1.445475818	1.525102874
XRCC1|XRCC1	-0.087501144	-0.520639689	0.012281939	-0.078514138	0.197621231	0.069260388	-0.343058992	-0.332480423	-1.117646851	-0.39619829	-0.11269206	-0.102034788	-0.078888512	0.149696176	-0.174502243	-0.020790594	-0.164793513	-0.0366656	0.176487514	-0.126841218	-0.207562363	0.0416186	-0.204653869	-0.465146248	-0.147905224	-0.185273896	-0.281683123	-0.088063171	-0.289227087	-0.065768922	-0.028712771	-0.305432462	-0.551031066
YAP1|YAP	-0.270248969	-0.575412087	-0.364859287	-0.319263272	-0.584304958	-0.67122876	-0.442943215	-0.289031728	0.626659277	-0.490513249	-0.596529927	-0.261714141	-0.38654266	0.311834983	-0.235833243	-0.341460579	-0.630338902	-0.053875154	-0.318830357	-0.274839761	-0.504983583	-0.322216752	-0.42000384	0.36742859	-0.603054395	-0.371960681	-0.361931047	-0.363005111	-0.546987706	-0.287704658	-0.250923748	-0.309874978	0.184598305
YAP1|YAP_pS127	0.207832605	0.13074517	0.419656654	0.371699184	-0.276187372	-0.402587464	0.744419261	0.50864595	1.698596008	0.459203877	0.625761215	0.699537064	-0.097997919	0.012390849	0.807445651	0.66416333	0.110924488	1.277511616	-0.99089631	0.730840477	0.43863883	0.470899085	0.18400187	1.752556381	-0.484039509	0.299026814	0.562698092	0.356274177	0.361597255	0.286866747	0.797317609	0.229009865	1.949462964
YBX1|YB-1	-0.547420982	-0.519628528	-0.507827646	-0.709663441	-0.880877387	-0.550163292	-0.865370773	-0.735035807	-0.07866067	-0.558623136	-0.813235414	-0.8844372	-0.572579663	-0.594488161	-0.924009962	-0.631504661	-0.889196398	-0.761159132	-0.741634698	-0.529236089	-1.044831668	-0.985257002	-1.088990583	-0.229223285	-1.029412376	-0.693628707	-0.482103284	-0.263869237	-0.944749576	-0.440725239	-0.576590573	-0.019694207	-0.523487282
YBX1|YB-1_pS102	-0.067615961	0.097154541	-0.107755729	0.030307575	0.116642268	-0.177737707	0.104224573	0.122467469	0.288690979	0.03250122	-0.056101371	-0.268062268	0.156227947	-0.183583844	0.374094977	0.352461491	0.019195955	-0.095086642	-0.086546057	-0.215746979	0.010645225	0.257482863	0.189717168	0.306957024	0.119992988	-0.134197883	-0.0144699	0.058577124	-0.082723266	-0.013280906	0.181736277	0.154254127	0.197792553
EIF4EBP1|4E-BP1_pT70	-0.314538269	-0.017331895	-0.296349362	-0.202821356	-0.38422621	-0.261544614	-0.416904524	-0.238338627	0.141713243	-0.311405491	-0.19941263	-0.313028385	-0.327482741	-0.166693773	-0.333658539	-0.298626175	-0.322294392	-0.037411305	-0.334685129	-0.35828733	-0.34132983	-0.245560027	-0.346462736	-0.013731917	-0.34680258	-0.040774221	-0.29846502	-0.276866405	-0.265259874	-0.338890017	-0.174036375	-0.219579697	-0.126052937
ARAF|A-Raf_pS299	-1.632424521	-1.492517373	-1.464067217	-1.439586519	-1.201073411	-1.486729995	-1.402019167	-1.437039041	-1.752195502	-1.585414983	-1.611234818	-1.586158121	-1.535460798	-1.314291297	-1.308284556	-1.113759601	-1.532578627	-1.424210805	-1.705918149	-1.530423758	-1.614596583	-1.312389418	-1.324867047	-1.551292191	-1.469975726	-1.542367078	-1.646687341	-1.694854028	-1.562686711	-1.624816781	-1.237101098	-1.486011759	-1.543291564
ANXA7|Annexin_VII	-0.60866553	-0.856467286	-0.484077921	-0.894056386	-0.768911783	-0.807364241	-0.703450717	-0.416389615	-1.057070517	-0.77341189	-0.803955679	-0.608000473	-0.668110209	-0.760576641	-0.614429271	-0.918179323	-0.789290486	-0.37014509	-1.002724371	-0.440924098	-0.852746346	-0.475009349	-0.682065601	-1.257918307	-0.985796134	-0.706895223	-0.915583808	-0.704132407	-0.501799851	-0.727056971	-0.569770584	-0.512302691	-0.809123507
ARID1A|ARID1A	NA	NA	NA	NA	NA	NA	NA	NA	NA	NA	NA	NA	NA	NA	NA	NA	NA	NA	NA	NA	NA	NA	NA	NA	NA	NA	NA	NA	NA	NA	NA	NA	NA
BRAF|B-Raf	1.951126516	2.305991053	1.677170458	1.459704084	2.310491441	2.840712617	1.528632842	2.123442061	1.299429012	2.167200541	2.265783647	1.560251691	2.374980716	1.146220216	1.480517925	2.029792277	1.714657303	1.202404682	2.202651127	1.908115826	1.414409997	1.487776687	2.246505932	1.595310181	1.855188667	1.698451126	1.988504586	2.0165259	1.685570129	1.825394526	2.037054101	1.93884593	0.838952198
BAD|Bad_pS112	0.320184498	0.188885893	0.093487369	0.052312311	0.393917834	-0.179743736	0.458458657	0.841044683	0.729533899	0.451660352	0.375803983	0.100770262	0.628058129	-0.72902576	0.712386001	0.536766387	0.36262628	0.007925408	-0.83707817	0.064506812	0.293197986	0.926446691	0.511457929	0.397561768	0.6121311	0.261513951	0.411576749	-0.097675235	0.847616143	0.049107834	0.881259559	0.775825366	0.126389903
BAP1|Bap1-c-4	-0.584080022	-0.202242001	-0.765254739	-0.739657172	-0.280572334	-0.356909871	-0.962213309	-0.787149725	-0.965320578	-0.822861714	-0.849019729	-0.938121372	-0.686006659	-1.585818402	-0.880663095	-0.710842042	-0.724238313	-1.510793356	-0.610449001	-0.423977829	-1.011385715	-0.824005909	-0.592041416	-1.28732725	-0.714513679	-0.445085379	-0.750008255	-0.842332712	-0.759347549	-0.560277403	-0.485950109	-0.853187102	-1.538072165
BRCA2|BRCA2	NA	NA	NA	NA	NA	NA	NA	NA	NA	NA	NA	NA	NA	NA	NA	NA	NA	NA	NA	NA	NA	NA	NA	NA	NA	NA	NA	NA	NA	NA	NA	NA	NA
MS4A1|CD20	3.689261102	2.458239138	2.146970591	1.045632946	1.785510052	2.135939899	0.831880753	1.827199914	0.596874975	1.689017976	0.684673334	-0.107825053	2.264681244	0.018047463	0.702143547	1.588781432	0.573084256	0.0089784	0.944936701	1.055668326	0.726686571	0.820295443	0.156856773	2.854022607	0.591429387	0.826284686	1.780930215	1.812444438	0.661608922	1.443093942	2.121057442	3.99366728	-0.530046923
CCNE2|Cyclin_E2	2.150606849	2.136303766	1.408131133	2.088307154	1.873916497	1.984207315	1.723059232	1.568128402	2.160394486	2.203282455	2.167699273	1.39216595	1.558346267	1.304768832	1.068417414	1.143136187	1.621935454	0.874932908	2.273555678	1.048279094	1.901534235	1.725339125	1.463930552	1.874783187	1.944389047	2.193856862	1.312348171	2.580773594	1.544589658	1.856074749	1.96926382	1.900841913	0.544530821
ETS1|ETS-1	1.106371648	1.17580879	0.661565416	1.719144649	1.881108547	1.286164864	0.641905264	0.806414725	1.400230117	1.369743233	1.348850877	1.347827661	1.670475026	2.463582278	1.523825748	0.861699009	1.517960097	1.5206381	2.207505441	2.384037441	0.991666681	1.621940946	1.13417967	0.799596851	0.865024614	0.581599419	1.710622642	1.041634429	1.496807919	1.099733403	1.635642972	1.478870445	0.780128374
EIF4G1|eIF4G	0.515955524	0.444349668	0.204960899	0.372726061	0.401192603	0.78686887	0.245301296	0.564348427	-0.802163858	0.417166733	0.255041355	0.105844044	0.406576145	-0.872220533	-0.043195447	0.458439906	0.557874146	-0.697092611	0.620296032	0.382604496	0.188674396	0.08199556	0.237613459	-0.318986917	0.277371843	0.188196334	0.769243994	0.731678084	0.273803061	0.806925587	0.36469627	0.389476106	-0.088082687
FASN|FASN	-0.381521178	-0.329547442	-0.149845457	1.062192545	-0.073919599	0.273923315	-0.086745014	-0.041412968	-1.608913922	-0.460968436	0.139166445	-0.087896987	-0.458364201	1.790986207	-0.594175411	-0.097156093	-0.262919454	0.58971251	0.377284402	0.297362561	0.253083372	-0.080575535	-0.401834941	-1.23882341	0.194868057	-0.074962923	0.377314126	0.062780751	-0.537608784	-0.226256606	-0.498219383	-1.407288696	-0.194820989
FOXO3|FOXO3a_pS318_S321	-1.584605614	-1.449007657	-1.208816994	-1.594614355	-1.343108318	-1.58303668	-1.481500898	-1.327001946	-1.722961076	-1.579489343	-1.444918221	-1.457277613	-1.515319465	-1.746309961	-1.179334367	-1.419000271	-1.476575778	-1.36188011	-1.817095733	-1.302015749	-1.503874906	-1.143909963	-1.304696069	-1.495044649	-1.329751853	-1.392484952	-1.458121177	-1.736962221	-1.238673549	-1.611191798	-1.299542669	-1.273641593	-1.320896687
FOXM1|FoxM1	0.111145772	-0.105623825	0.020247394	-0.125954875	-0.020122598	0.611923482	-0.311573957	-0.442135052	-0.837660898	-0.552303105	0.067058035	-0.267810084	-0.441755169	-0.550306905	-0.686052322	0.180597664	-0.106347301	-0.651017363	0.186484885	-0.038797598	-0.58303918	-0.422001051	-0.468118219	-0.400355985	-0.14622831	-0.417245535	0.007180312	-0.069974302	-0.58287295	-0.114706303	-0.551198896	-0.655061886	-0.452570191
G6PD|G6PD	-1.168301358	-1.167859383	-0.47352043	-1.327814836	-1.350666228	-1.101959935	-1.473086972	-0.571089138	-0.467587559	-1.09230849	-1.261169433	-1.082471618	-1.421573827	-0.574290912	-1.270447017	-1.255904168	-1.482109732	-1.089302228	-1.117054609	-1.271165506	-1.09750058	-0.971528603	-1.07498726	-1.609597774	-1.337936197	-1.4179688	-1.617344707	-1.250819382	-0.976932296	-1.230462676	-1.434957021	-0.950863963	-1.199213672
GAPDH|GAPDH	1.75691631	1.824578224	1.493969082	2.403700142	1.252605474	1.442968979	1.071248388	1.467357639	2.183472698	2.524735638	1.452193171	1.369534285	1.16075073	1.966430171	1.505904837	0.76155781	0.831234508	1.581161756	1.566984833	1.923211453	0.911395616	1.14677024	0.547759816	0.582925376	1.143962881	1.524062648	1.241520463	2.812435342	1.092018864	1.211830263	1.475431598	2.800871791	0.058520978
GSK3A GSK3B|GSK3_pS9	-0.142735107	0.717188342	0.25971478	0.074282435	1.376479634	0.031674263	0.889245452	0.318501974	1.588725935	0.442484596	0.408985401	-0.557085129	0.639707553	-1.134540711	1.524288463	0.698616363	0.520728567	-0.061660668	-1.228872574	-0.650488177	0.432703111	1.037192052	1.05699166	0.62441222	0.717474759	0.310279082	-0.291555156	0.082778232	0.785752354	0.039021939	0.844996674	0.360003182	0.311906926
NRG1|Heregulin	-1.566127636	-1.577157146	-0.904458456	-1.49530166	-1.455210067	-1.253451557	-1.433325004	-1.410213293	-1.568144446	-1.283902266	-1.70883796	-1.552852582	-1.402154077	-0.82771481	-1.653276055	-1.414581283	-1.664918978	-1.465684714	-0.645631677	-1.376184355	-1.254004323	-1.519724366	-1.498838964	-1.134923874	-1.651479595	-0.955125761	-1.214998962	-1.250846353	-1.708583258	-1.374750773	-1.435595962	-1.479805201	-1.126344217
MYH11|MYH11	-1.681689378	-2.366558525	-0.563852395	-1.561611035	-1.887046862	-1.758599654	-1.28008277	-1.925682777	-1.590173115	-1.331293423	-2.253119055	0.190964653	-1.397584424	0.366383434	-0.917210107	-2.196870314	-1.785052726	-0.237488133	-2.552851558	-0.753579254	-2.218144312	-1.863431475	-1.749166771	-1.041422094	-2.56790515	-1.502270805	-0.240964732	-2.30879823	-1.999427043	-2.037142969	-1.57196494	-1.695605145	-0.084837993
MYH9|Myosin-IIa-pS1943	-1.148888424	-1.456353394	-1.180553871	-1.149337246	-1.226008384	-1.405249253	-1.172351441	-0.940999638	-0.575379899	-0.728048292	-0.838894675	-0.254881453	-0.973660068	-0.427187427	-0.900994548	-0.5849818	-0.860667457	-0.889341238	-1.029393074	-0.590081499	-0.557297755	-0.506156356	-0.930851189	-0.667976707	-0.946764096	-0.676379307	-1.411462783	-0.782928696	-0.984691703	-0.539154163	-0.560452979	-0.514176237	-0.332874474
NRAS|N-Ras	-1.406309199	-1.328746326	-1.35935775	-1.431734246	-1.305950771	-1.342356935	-1.584137529	-1.290619932	-0.743807615	-1.42377412	-1.422135099	-1.398812258	-1.477418146	-1.15939303	-1.609168075	-1.641571319	-1.583546885	-1.271641094	-1.309724849	-1.343356091	-1.461039005	-1.41688491	-1.434486424	-1.34984154	-1.475762342	-1.316649058	-1.583963311	-1.421521028	-1.529089794	-1.382349131	-1.504287015	-1.478029602	-1.137960175
NDRG1|NDRG1_pT346	-1.602708856	0.177850341	-1.572243481	-1.70445645	-1.184573423	-2.173622349	-0.487957125	0.651322613	-1.345412144	-1.23415853	-1.98203941	-1.899037013	-1.808467477	-2.092479889	-0.903054519	-1.296028638	-1.35193661	-0.903916878	-2.537497248	-1.744709908	-0.578858489	-1.080951611	-0.670855766	-1.286382681	-1.104865471	-1.744597631	-1.254521707	0.075285154	-1.278731451	-1.945999299	-1.576540093	-1.632045196	-0.431107672
CDKN1A|p21	-0.436434017	0.354291527	-0.848665229	-0.203588176	0.550442137	-0.449770667	-0.525541369	-0.204993169	0.892301153	-0.238527607	0.27619007	0.034299225	-0.236667961	-0.293287549	0.396110143	0.076885451	0.307392337	0.469715553	-0.255579095	-0.3645931	0.010001125	-0.170120601	-0.382638162	0.348911859	0.032754002	0.450103954	-0.290387126	0.033666195	-0.355042489	-0.294515239	0.182008994	-0.434080721	0.084199796
CDKN1B|p27_pT198	-0.056618776	0.070538344	0.048391475	0.166522325	0.618342587	0.239441064	-0.051484639	0.077860293	0.841101602	-0.023487449	0.016692531	0.10089997	0.161664211	0.151018434	0.106987291	0.220754601	0.213676908	-0.176997309	0.285040241	0.412755929	0.021500753	0.141159112	0.279347794	0.514065708	-0.012474806	0.321013442	0.148313219	0.216592121	-0.046971431	0.168522373	0.221417723	0.205043122	0.232075785
RPS6KA1|p90RSK	-0.511107573	-0.316980997	-0.408580974	-0.10329682	-0.330085611	0.20229988	-0.263601037	-0.211321793	-1.224890193	-0.450440592	-0.092263119	-0.080261054	-0.521851512	0.002130654	-0.091196895	-0.565715281	-0.232795717	-0.311528578	-0.211849452	-0.121032696	-0.354765394	0.139791975	-0.185111302	-0.61673975	-0.084906615	-0.424971823	0.079859465	-0.644108079	-0.058149187	-0.287341943	-0.051579984	-0.280827745	-0.341579617
PDCD4|PDCD4	0.725244674	2.153805226	0.893163068	1.33834539	3.159109144	0.782582064	1.789932258	1.462190341	-0.25152664	1.08539661	2.15190076	1.200458202	0.912631614	0.494879759	2.050020878	2.349851293	2.101162492	1.659196199	0.337533971	1.444781411	2.492824662	2.784254764	2.788495931	0.794781024	1.501887433	1.597839322	0.316716671	1.650272066	2.291387661	1.201055783	1.955149964	2.36337478	1.350497637
PDK1|PDK1	-0.597021546	-0.789211071	-0.089938313	-0.429619134	-0.568612175	-0.253758594	-0.704057582	-0.263727201	-0.057970405	-0.508218325	-0.613632362	-0.383910529	0.000644971	-0.666096364	-0.122092675	-0.430412128	-0.390903212	0.054040398	-0.513270235	-0.47839649	-0.608580785	-0.34516525	-0.608930203	-0.616394829	-0.162613062	-0.403714443	-0.415707021	-0.489902495	-0.294639212	-0.469601867	-0.269447667	-0.041933642	-0.526086344
PEA15|PEA15_pS116	-0.728414176	-0.939224331	-0.927210981	-0.615253163	-0.722559347	-0.654945105	-0.728544399	-0.437830454	-0.833008442	-0.850376292	-0.808794099	-0.698780923	-0.723376384	-0.651526402	-0.762226184	-0.678769366	-0.359552848	-0.798986252	-0.756980669	-0.854017059	-0.882663357	-0.706866388	-0.878857155	-0.713438324	-0.860982644	-0.853513475	-0.737151575	-0.371370337	-0.769249512	-0.825976509	-0.625812819	0.17214713	-0.664471052
PIK3R1 PIK3R2|PI3K-p85	2.602184495	2.012778582	2.943817152	2.487205437	2.313884321	3.111907786	2.208291985	2.842165774	1.994228562	2.362620336	1.937082623	2.414151919	2.845788544	2.392300989	2.444433524	2.336129622	1.879404697	2.531258746	1.938933251	2.150198761	2.149135717	2.524412176	2.15557908	1.926220578	2.153641127	2.284110793	2.514812718	2.248605011	2.728072888	2.210899924	2.622230395	3.134956933	2.073775506
PRKCB|PKC-pan_BetaII_pS660	2.419081841	2.013928881	1.783792956	1.649079291	2.770292797	1.979326984	2.441449341	2.287062503	1.29010992	2.078920984	2.488398341	2.016865447	2.314206692	1.066816118	2.69309967	2.583516907	2.203549488	2.519109338	1.322438948	1.738570984	1.980013295	2.784217044	2.56803028	1.397033613	2.181825546	1.853999005	1.694168952	1.401426147	2.721379752	1.83840241	3.022334497	2.077427581	1.588950544
PRDX1|PRDX1	-1.170359837	-1.235293805	-1.461961097	-1.425607581	-1.802012351	-1.488490767	-1.71430521	-0.857645829	-0.67958519	-1.408865171	-1.241893588	-1.169479904	-1.33322688	-1.19275742	-1.298176573	-1.495367387	-1.718180587	-1.102704525	-1.885030863	-1.372482656	-1.434083638	-1.451535394	-1.359430217	-1.768461462	-1.474631056	-1.271164436	-1.625506628	-1.466909622	-1.341323964	-1.642498311	-1.690862653	-0.909784133	-1.792327139
RAB11A RAB11B|Rab11	-0.785053514	-0.680041098	-0.774649685	-0.543907902	-0.714937516	-0.752149153	-0.882056773	-0.626898407	-0.443033371	-0.71828694	-0.811672354	-0.769354735	-0.63578131	-0.547099252	-0.737681002	-0.756020434	-0.808133758	-0.702398515	-0.651700831	-0.81191567	-0.810489789	-0.719794776	-0.776532568	-0.587727847	-0.779154722	-0.678280463	-0.742532615	-0.729749705	-0.733562404	-0.763867845	-0.695775106	-0.448723561	-0.648913157
RAB25|Rab25	-3.171451729	-1.887605559	-1.330134314	-2.955598968	-2.716087593	-2.838014667	-2.873645701	-2.768040575	-3.69281591	-3.31226458	-3.201892739	-2.725562135	-0.474268016	-2.064992909	-3.144855063	-1.921359532	-2.902691365	-2.834302272	-2.954954548	-3.07498916	-3.082500392	-2.86790411	-2.850082222	-3.190593896	-3.210092566	-3.027743616	-3.003486288	-2.664725489	-3.065529537	-2.911415354	-3.07200498	-2.980563019	-3.666296168
RPTOR|Raptor	1.166979808	0.92538089	1.396981254	1.574033997	1.338398247	1.280798354	0.914268181	1.740730399	0.986932688	1.357030467	1.083471904	1.347823334	1.435730835	1.535773303	1.123378328	1.734290702	1.204765867	1.624144895	1.276050564	1.086440112	1.216169275	1.336737182	1.138341143	0.811209388	1.088021121	1.030898049	1.323881817	1.061288696	1.470706847	1.075125269	1.262704671	1.015268712	0.927517569
RBM15|RBM15	2.819906702	2.538791281	2.698089882	3.041838769	3.373895213	3.370951052	2.801948195	2.68556639	1.992160927	3.110738676	3.165111048	2.650479378	3.20492003	2.217707179	2.551455285	2.732234212	2.951982633	2.072396625	3.114949546	2.685280984	2.670470805	2.841342983	2.718055776	2.185175143	2.766360021	2.514764473	3.737353796	2.841413539	2.903837105	2.940573094	3.280375414	3.163383925	1.973323782
RICTOR|Rictor	0.397224235	0.202164442	0.261185293	0.235383218	0.223750452	0.0843078	0.31442932	0.490855148	-0.111705378	0.632471876	0.160484147	1.428030999	0.015091297	1.528435665	0.265230257	0.293681121	-0.208912597	0.242793756	0.177516849	0.233479445	0.116430276	0.348103506	0.351767561	0.042408504	0.289919301	0.279461921	0.36192951	-0.062193079	0.431330971	0.504111251	0.625985802	0.335967542	0.890002381
RICTOR|Rictor_pT1135	0.360781353	0.334870656	0.367758187	0.38414542	0.317840341	0.226928675	0.375018318	0.386957869	0.7798108	0.325934361	0.322142335	0.389894835	0.437940373	0.442834183	0.543751586	0.525128508	0.223166914	0.433058762	0.743670318	0.324528728	0.367023341	0.384949576	0.352972346	0.779733399	0.144051685	0.18020331	0.23540641	0.472290374	0.273207254	0.158479925	0.195991093	0.276878661	0.641816589
SCD1|SCD1	-1.754602417	-1.494496014	-1.788227291	-1.55991863	-1.145417852	-1.583151033	-1.825778349	-1.600071959	-0.625296519	-1.89412644	-1.545014138	-1.7191084	-1.927922269	-1.415264677	-1.699385204	-1.46486521	-1.630879583	-1.572321878	-1.831112082	-1.812208001	-1.741828981	-1.708818423	-1.602208441	-1.669462811	-1.934927506	-1.323841892	-2.086558118	-1.687752987	-1.813533846	-1.742623351	-1.504886455	-1.69887677	-1.944686897
SRSF1|SF2	-1.706185468	-1.467040243	-1.71353287	-1.47950457	-1.280332905	-1.603217877	-1.732120845	-1.693625012	-0.573470984	-1.855218708	-1.550806148	-1.701163282	-1.741060817	-1.547118472	-1.524517893	-1.52803122	-1.503120112	-1.456932819	-1.638747342	-1.658132133	-1.651845897	-1.55461472	-1.734957858	-1.436863658	-1.657285115	-1.213790201	-1.647108345	-1.740919166	-1.870437067	-1.721369567	-1.516353591	-1.82892647	-1.892196511
WWTR1|TAZ	0.058508978	0.23781203	-0.022523499	0.129220802	-0.046079984	0.136028443	-0.081365129	0.306286684	0.74131032	-0.017634744	-0.114495914	0.051212585	0.004993275	0.385178343	-0.112855541	0.149119465	-0.030262394	0.147268583	0.29900479	0.025736581	0.111190445	0.063244322	0.019233409	0.400841464	-0.141348397	0.192949639	0.064805691	0.174966982	-0.177403398	-0.014128877	-0.010928465	0.209377129	0.476100677
TIGAR|TIGAR	0.81294314	0.48374299	0.659577237	0.630714322	0.317014067	0.706411987	0.587353506	1.155544519	0.254642266	0.592761872	0.582517766	0.873750646	0.808294068	0.986076388	0.571390912	0.725960526	0.593225225	1.173608733	0.840637637	1.220537791	0.646314227	0.751304326	0.514876628	0.509358673	0.700446542	0.731479749	1.180038748	0.898345022	0.756647161	0.616475127	0.520176223	0.770586606	0.715980691
TGM2|Transglutaminase	-0.754506186	-0.846965327	-0.941390607	-0.839349646	-1.094959851	-1.088862217	-0.929701913	-0.501590895	0.204571468	-0.826341281	-0.728108803	-0.310750358	-1.065237899	0.361014527	-0.46590256	-1.252646418	-0.987757505	-0.631766141	-0.825988388	-0.423244169	-0.819734306	-0.302791716	-1.068795425	-0.887900108	-0.523737221	-0.823100982	-0.992713868	-0.848559745	-0.197534502	-0.625833319	-0.942536437	-0.802535048	-0.320838591
TFRC|TFRC	3.25064249	2.982015466	2.342185352	2.389102461	1.608131076	2.859355265	1.257003997	3.411834966	2.043134441	1.610673185	1.784821416	2.673703234	2.913988662	3.325976828	1.298376076	0.952594817	2.702884179	3.48372392	2.693989681	3.666906698	1.92549718	1.387243777	2.073896152	2.006741808	1.822347833	2.317036675	2.289317531	2.305004313	2.207565515	2.1513489	0.171891883	2.496109811	0.334440731
TSC1|TSC1	1.909744081	1.86746219	2.046383095	1.872830831	1.804388174	2.335121463	1.663762092	1.687030817	0.494331097	2.100022107	1.933424401	1.930111161	2.298753548	1.962374983	1.731524649	1.910799984	1.737980767	1.887144908	1.875001058	2.125789713	1.542898527	1.923317149	1.605662187	1.301997679	1.68264892	1.821083006	2.002838065	1.609159255	2.046485844	2.03366465	2.134779516	1.928122811	1.671264378
TSC2|Tuberin_pT1462	-0.955564619	-0.66762138	-0.876331879	-0.805822832	-0.182995818	-0.874527387	-0.438970533	-0.98861674	-1.117864471	-0.629565318	-0.79255036	-1.163285197	-0.524178962	-0.994232277	-0.40516727	-0.350126635	-0.56064639	-0.973643871	-1.166876508	-1.277147575	-1.188770964	-0.587190839	-0.475263107	-1.096641228	-0.691433606	-0.942365433	-1.249760518	-0.847483204	-0.696284849	-1.051344215	-0.093774304	-0.982596528	-0.919466052
VHL|VHL	-2.656404724	-2.689133084	-2.407031904	-1.814704892	-1.534235561	-2.46116556	-2.326110151	-2.543762912	-3.141908917	-2.921873585	-2.482846874	-1.73105077	-1.595781114	-1.999030684	-2.68880173	-1.668737931	-2.114716116	-2.281122312	-2.759032541	-2.357256062	-2.499910424	-1.756823327	-1.846396824	-2.618436969	-1.262858227	-2.640485152	-3.037683618	-2.578438925	-1.859645973	-2.333613377	-1.356643043	-2.564995034	-2.616924082
XBP1|XBP1	-1.118612677	-1.031870349	-0.912259723	-0.536102897	-1.045748663	-0.454466477	-0.89246361	-1.358065264	-0.333094692	-1.352042883	-0.551887537	-0.964416351	-0.189668366	-0.476339462	-0.94916953	-1.005268612	-0.728156789	-0.542975907	-1.24868445	-1.360655364	-1.485455488	-0.9197695	-1.227737584	-0.608910749	-1.482081231	-0.684492252	-1.38590426	-1.149352746	-1.095105011	-1.367048162	-1.095195388	-0.982102277	-0.588502881
TUBA1B|Acetyl-a-Tubulin-Lys40	0.365576638	1.426045476	1.271276079	1.490945546	-0.498897135	0.29267744	-0.32884374	0.40522767	-0.220293125	-0.013016882	-0.03827931	1.1728977	0.862291464	1.602960823	0.378029846	0.716932449	0.186368977	0.540713973	0.386055705	0.730389482	1.283909795	0.185683943	0.566669753	0.713513503	0.234943235	0.480038517	1.821133732	0.941758137	0.087932734	0.865910136	0.752278438	-0.692248354	1.765680178
SQSTM1|p62-LCK-ligand	1.935972915	1.384458904	1.277200662	0.489576663	0.583713525	1.360695427	0.416081908	1.453185847	0.205382446	0.710467406	0.999826987	1.010773381	1.390055775	-0.130102764	0.102528428	-0.249143538	1.16167786	1.122081916	1.059126008	1.703680318	0.410104387	-0.025322571	0.388998616	-0.076747351	-0.070188397	0.610129551	0.54396458	0.885795338	0.900888418	1.536643912	0.324990834	1.832709269	-0.20656212
YWHAB|14-3-3_beta	-0.60433534	-0.706851643	-0.470321775	-0.661495829	-0.601023558	-0.556581939	-0.68960076	-0.577958849	-0.47271297	-0.678323063	-0.658296053	-0.62198568	-0.57389689	-0.457010285	-0.555114583	-0.591223394	-0.720410346	-0.598483378	-0.726689179	-0.648141755	-0.719315508	-0.554872366	-0.660169668	-0.613354455	-0.82643742	-0.6324993	-0.759610894	-0.736285062	-0.681608815	-0.741289874	-0.55668999	-0.547202484	-0.478557578
YWHAZ|14-3-3_zeta	1.127180962	0.77141912	1.542136027	1.171815172	1.160799564	1.249383475	0.911767002	1.227128108	1.681699827	1.504401996	1.063242941	1.383239354	1.194318843	1.396580929	1.521362924	1.055384932	0.765956388	1.448230741	1.066457286	1.432166135	0.888195096	1.573720204	1.023907519	1.297609062	0.930819078	1.482788635	0.862210902	0.796056618	1.414055466	1.364630598	1.559627687	1.657077692	0.910530983
ACVRL1|ACVRL1	-0.577728085	-0.501558116	-0.548720862	-0.555670512	-0.541079444	-0.504719117	-0.694178005	-0.37487592	-0.181143902	-0.526282518	-0.587034911	-0.31921213	-0.776740652	-0.227925442	-0.548191119	-0.358337802	-0.625873862	-0.443259781	-0.291608343	-0.548778415	-0.337748797	-0.47257983	-0.445686046	-0.473280582	-0.556776227	-0.444656858	-0.597732722	-0.581532502	-0.379238549	-0.420311869	-0.62772048	-0.615480271	-0.397137864
DIRAS3|DIRAS3	-3.234212558	-3.200821111	-3.168036146	-3.127444837	-3.054285881	-3.176951742	-3.207499179	-3.070682274	-3.157075511	-3.257204507	-3.187927427	-3.106727086	-3.219645327	-2.986444846	-3.216058819	-2.819045174	-3.176560637	-3.065457634	-3.175636796	-3.219703986	-3.171870494	-3.107003827	-3.028863274	-3.067594311	-3.314112461	-3.1239919	-3.249672646	-3.198546409	-3.1443066	-3.213887406	-3.157647416	-3.300517653	-3.155544675
ANXA1|Annexin-1	-1.366562631	-1.084514444	-1.036478036	-0.864426953	-1.259082721	-1.200993728	-0.474223507	-0.677626104	-1.537043783	-1.180802288	-0.557511766	0.101013723	-1.434885251	-0.089360186	-1.516833895	-0.378044237	-0.813853566	-0.131152052	-0.897473208	-0.722605136	-0.222589819	-1.072778478	-0.922426697	-0.91890803	-1.290004455	-0.868259649	-0.912188055	-1.11947144	-0.289701558	-0.244641194	-0.944352858	-1.33245165	0.456279513
PREX1|PREX1	0.456258642	-0.61206007	1.597804807	0.024342425	-0.369401028	0.170226919	0.730133326	1.612217633	-0.174380302	0.430128279	0.423683442	1.10619798	0.364701373	0.595622911	0.972139066	-0.117512042	0.221014185	1.764849814	0.053871586	0.455096195	0.827750414	1.531397308	0.729581369	-0.625339837	1.081941788	0.517219218	0.609963527	0.489998968	1.634565241	0.073331147	0.872676777	0.286435585	0.538217006
ERCC1|ERCC1	-0.335599984	-0.592496864	-0.446854519	-0.535293523	-0.358527184	-0.571721151	-0.664688286	-0.429549246	-0.845993463	-0.582856346	-0.625802615	-0.552187416	-0.340780233	-0.76677143	-0.516712302	-0.425093029	-0.562514071	-0.856730351	-0.43142201	-0.519383332	-0.362164356	-0.397731948	-0.535224968	-0.628917202	-0.310330515	-0.456768051	-0.458819951	-0.442254221	-0.42110445	-0.32645924	-0.423041164	-0.37989784	-0.62384055
MSH2|MSH2	0.163602656	0.341345651	-0.233068664	0.344779653	0.341947939	0.014912214	-0.503769137	-0.430316504	-1.26941499	-0.748761703	-0.129025907	-0.320554053	-0.042812933	-0.023362934	-0.861272996	0.08407118	-0.386340894	-0.555115597	-0.153245131	-0.153652368	-0.424033711	-0.369097578	-0.62309974	-0.756389824	-0.511333978	-0.213677595	0.048722247	-0.495649514	-0.644720332	-0.064453831	-0.17984513	-0.753661062	-1.32790512
MSH6|MSH6	1.832674521	1.824930295	0.729568504	1.65223139	1.198398682	1.279997415	0.610039844	1.026012223	-0.311089814	0.635428203	0.833680289	0.307654139	1.288742723	0.391015573	-0.13674677	0.67710831	0.746527651	-0.079531573	0.943731048	1.239921322	0.174711408	0.201966056	0.276991128	0.647181384	0.570183713	0.686612134	1.461998506	1.38387426	0.231557333	1.304059756	1.39147426	1.704536432	-0.316207357
DIABLO|Smac	0.664096759	0.926868031	1.056994819	0.360618483	0.777394694	0.333152442	-0.258576855	0.329242429	0.7624702	0.262216143	-0.088251717	-0.061377466	0.248854343	-0.090354918	0.273356894	0.936921068	-0.025362586	0.641351977	-0.889931265	-0.058432721	0.13710739	0.377177163	-0.141344182	0.556943504	0.006851573	0.595466196	0.036770883	0.367524997	0.1780357	0.072304931	0.500582111	0.981067688	-1.422661711
ADAR|ADAR1	-1.571577742	-1.626567714	-1.653933062	-1.452838628	-1.107660923	-1.38784794	-1.885212472	-1.409321468	-1.663793716	-1.771051521	-1.553614598	-1.642765376	-1.577741843	-1.815139051	-1.882655802	-2.068510846	-1.821530517	-1.922052584	-1.446870033	-1.579297085	-1.702668298	-1.665646748	-1.862293926	-1.98743074	-1.969489509	-1.745755367	-1.616126836	-1.844036295	-1.600909287	-1.382727883	-1.507499836	-1.530915356	-2.198450489
CTNNA1|alpha-Catenin	-0.514245077	0.081014964	-0.420347631	0.14756948	0.718792951	-0.170640058	-0.148470019	-0.133987331	3.003917114	-0.861214519	0.292955149	0.012588388	-0.620239502	0.785979838	0.065716715	0.491458652	-0.305028963	0.650519366	-0.751179753	0.007890108	-0.218316147	0.031313173	-0.234751394	1.153345286	-0.67863644	0.719264056	-0.824295296	-0.248504949	-0.768731833	0.039005371	0.09097534	-0.719217254	-0.51462231
NKX2-1|TTF1	-1.154227918	-1.057060736	-0.857527043	-0.718446845	-1.338499047	-0.772709752	-0.798394224	-1.352020342	-1.421495967	-1.537857282	-0.938090845	-1.018106714	-1.345084143	-0.978015331	-1.604706722	-1.131424011	-1.06478925	-1.295880939	-0.767373654	-1.253845638	-1.140673194	-1.26479021	-1.296806495	-1.176025896	-1.071580951	-1.042319327	-0.812670103	-1.045186136	-1.512922893	-0.897743563	-1.326094965	-1.545242472	-1.190745903
CASP3|Caspase-3	NA	NA	NA	NA	NA	NA	NA	NA	NA	NA	NA	NA	NA	NA	NA	NA	NA	NA	NA	NA	NA	NA	NA	NA	NA	NA	NA	NA	NA	NA	NA	NA	NA
CASP9|Caspase-9	NA	NA	NA	NA	NA	NA	NA	NA	NA	NA	NA	NA	NA	NA	NA	NA	NA	NA	NA	NA	NA	NA	NA	NA	NA	NA	NA	NA	NA	NA	NA	NA	NA
PARP1|PARP1	4.837386148	5.705601481	5.399044243	5.369733645	4.944971303	6.148097179	4.878277523	4.818175013	2.916870323	5.418338649	4.777431694	4.593477496	6.477835673	5.838700978	5.286170098	5.349630322	3.803063546	4.951871293	4.748855862	5.068448331	3.99050491	5.780870769	5.242531467	4.529552068	4.212964922	5.752089168	7.008887984	5.20094673	4.473847781	4.850790948	5.965405068	4.705680755	2.651794787
COPS5|JAB1	-1.813951785	-1.716082923	-1.673976077	-1.665614541	-1.493207714	-1.706867728	-1.788527916	-1.603516452	-1.469586176	-1.933983724	-1.770623645	-1.577572647	-1.851671171	-1.429714704	-1.750094721	-1.161503817	-1.730912177	-1.587916863	-1.82311984	-1.65230545	-1.774056448	-1.65647491	-1.476554483	-1.754319611	-1.766236799	-1.582356682	-1.853806863	-1.704288808	-1.595461507	-1.671638533	-1.660391418	-1.770767385	-1.809173031
